sku_id,category,subcategory,launch_date,unit_cost,list_price
10002,General Furnishings,General Furnishings Sub,2009-12-01,1.02,1.7
10002R,General Furnishings,General Furnishings Sub,2009-12-02,3.1,5.17
10080,General Furnishings,General Furnishings Sub,2009-12-02,0.51,0.85
10109,General Furnishings,General Furnishings Sub,2009-12-03,0.25,0.42
10120,General Furnishings,General Furnishings Sub,2009-12-01,0.26,0.43
10123C,Seasonal & Gifts,Seasonal & Gifts Sub,2009-12-01,0.78,1.3
10123G,General Furnishings,General Furnishings Sub,2009-12-01,1.02,1.7
10124A,General Furnishings,General Furnishings Sub,2010-03-19,0.25,0.42
10124G,General Furnishings,General Furnishings Sub,2010-05-13,0.5,0.84
10125,Seasonal & Gifts,Seasonal & Gifts Sub,2009-12-01,1.02,1.7
10133,General Furnishings,General Furnishings Sub,2009-12-01,1.02,1.7
10134,General Furnishings,General Furnishings Sub,2009-12-03,1.54,2.57
10135,General Furnishings,General Furnishings Sub,2009-12-01,1.54,2.57
10138,General Furnishings,General Furnishings Sub,2009-12-02,0.5,0.83
11001,Seasonal & Gifts,Seasonal & Gifts Sub,2009-12-01,2.06,3.43
15030,General Furnishings,General Furnishings Sub,2009-12-13,0.17,0.29
15034,General Furnishings,General Furnishings Sub,2009-12-01,0.51,0.85
15036,General Furnishings,General Furnishings Sub,2009-12-01,0.98,1.63
15039,General Furnishings,General Furnishings Sub,2009-12-03,1.02,1.7
15044A,General Furnishings,General Furnishings Sub,2009-12-07,3.62,6.04
15044B,General Furnishings,General Furnishings Sub,2009-12-01,3.62,6.04
15044C,General Furnishings,General Furnishings Sub,2009-12-01,3.62,6.04
15044D,General Furnishings,General Furnishings Sub,2009-12-01,3.62,6.04
15056BL,General Furnishings,General Furnishings Sub,2009-12-01,7.8,13.0
15056N,General Furnishings,General Furnishings Sub,2009-12-01,7.8,13.0
15056P,General Furnishings,General Furnishings Sub,2009-12-01,7.8,13.0
15056bl,General Furnishings,General Furnishings Sub,2009-12-01,7.8,13.0
15056n,General Furnishings,General Furnishings Sub,2010-06-08,7.63,12.72
15056p,General Furnishings,General Furnishings Sub,2010-06-24,7.63,12.72
15058A,General Furnishings,General Furnishings Sub,2010-01-24,15.29,25.49
15058B,General Furnishings,General Furnishings Sub,2010-01-13,15.29,25.49
15058C,Seasonal & Gifts,Seasonal & Gifts Sub,2010-01-24,15.29,25.49
15059A,General Furnishings,General Furnishings Sub,2009-12-01,7.8,13.0
15060B,Seasonal & Gifts,Seasonal & Gifts Sub,2009-12-03,5.19,8.65
15060b,Seasonal & Gifts,Seasonal & Gifts Sub,2010-03-05,5.08,8.47
16008,General Furnishings,General Furnishings Sub,2010-03-19,0.15,0.25
16010,General Furnishings,General Furnishings Sub,2010-01-17,0.07,0.12
16011,General Furnishings,General Furnishings Sub,2009-12-04,0.13,0.21
16012,General Furnishings,General Furnishings Sub,2009-12-02,0.13,0.21
16014,General Furnishings,General Furnishings Sub,2009-12-03,0.25,0.42
16015,General Furnishings,General Furnishings Sub,2009-12-03,0.3,0.5
16016,General Furnishings,General Furnishings Sub,2009-12-03,0.51,0.85
16020C,Storage & Accessories,Storage & Accessories Sub,2009-12-07,0.51,0.85
16033,Home Decor & Lighting,Home Decor & Lighting Sub,2009-12-10,0.07,0.12
16043,General Furnishings,General Furnishings Sub,2009-12-16,0.25,0.42
16044,General Furnishings,General Furnishings Sub,2010-01-07,0.25,0.42
16045,General Furnishings,General Furnishings Sub,2010-01-07,0.07,0.12
16046,Kitchen & Dining,Kitchen & Dining Sub,2009-12-04,1.02,1.7
16047,Storage & Accessories,Storage & Accessories Sub,2009-12-01,1.02,1.7
16048,Kitchen & Dining,Kitchen & Dining Sub,2009-12-07,0.51,0.85
16049,Kitchen & Dining,Kitchen & Dining Sub,2009-12-04,0.5,0.83
16050,Kitchen & Dining,Kitchen & Dining Sub,2010-02-16,0.33,0.55
16051,Kitchen & Dining,Kitchen & Dining Sub,2009-12-10,0.5,0.83
16052,Kitchen & Dining,Kitchen & Dining Sub,2009-12-16,0.52,0.86
16053,General Furnishings,General Furnishings Sub,2010-01-07,0.13,0.21
16054,General Furnishings,General Furnishings Sub,2010-01-07,0.25,0.42
16119,General Furnishings,General Furnishings Sub,2009-12-10,0.75,1.25
16151A,Storage & Accessories,Storage & Accessories Sub,2010-04-30,2.25,3.75
16156L,General Furnishings,General Furnishings Sub,2010-01-10,0.25,0.42
16156N,General Furnishings,General Furnishings Sub,2009-12-01,0.25,0.42
16156S,General Furnishings,General Furnishings Sub,2009-12-01,0.25,0.42
16161C,General Furnishings,General Furnishings Sub,2009-12-01,0.06,0.1
16161E,General Furnishings,General Furnishings Sub,2009-12-07,0.06,0.1
16161G,General Furnishings,General Furnishings Sub,2010-01-19,0.06,0.1
16161M,General Furnishings,General Furnishings Sub,2009-12-03,0.25,0.42
16161P,General Furnishings,General Furnishings Sub,2009-12-01,0.25,0.42
16161U,General Furnishings,General Furnishings Sub,2009-12-01,0.25,0.42
16162L,Storage & Accessories,Storage & Accessories Sub,2009-12-09,0.78,1.3
16162M,Storage & Accessories,Storage & Accessories Sub,2010-06-14,0.25,0.42
16168M,Storage & Accessories,Storage & Accessories Sub,2009-12-09,0.51,0.85
16168S,Storage & Accessories,Storage & Accessories Sub,2009-12-10,0.34,0.57
16169A,Seasonal & Gifts,Seasonal & Gifts Sub,2010-04-29,0.25,0.42
16169C,General Furnishings,General Furnishings Sub,2009-12-01,0.25,0.42
16169D,General Furnishings,General Furnishings Sub,2009-12-01,0.25,0.42
16169E,Seasonal & Gifts,Seasonal & Gifts Sub,2011-07-21,0.25,0.42
16169F,General Furnishings,General Furnishings Sub,2009-12-01,0.25,0.42
16169G,General Furnishings,General Furnishings Sub,2009-12-10,0.25,0.42
16169K,General Furnishings,General Furnishings Sub,2009-12-04,0.25,0.42
16169M,General Furnishings,General Furnishings Sub,2009-12-03,0.25,0.42
16169N,General Furnishings,General Furnishings Sub,2009-12-01,0.25,0.42
16169P,General Furnishings,General Furnishings Sub,2009-12-04,0.25,0.42
16192,Storage & Accessories,Storage & Accessories Sub,2009-12-18,2.58,4.3
16201A,General Furnishings,General Furnishings Sub,2009-12-02,8.14,13.57
16201B,General Furnishings,General Furnishings Sub,2009-12-02,2.06,3.43
16202A,General Furnishings,General Furnishings Sub,2009-12-02,7.28,12.13
16202B,General Furnishings,General Furnishings Sub,2009-12-02,7.12,11.87
16202C,General Furnishings,General Furnishings Sub,2009-12-02,7.12,11.87
16202E,General Furnishings,General Furnishings Sub,2009-12-02,7.28,12.13
16206B,Seasonal & Gifts,Seasonal & Gifts Sub,2010-01-31,0.75,1.25
16207A,Storage & Accessories,Storage & Accessories Sub,2009-12-01,2.02,3.36
16207B,Storage & Accessories,Storage & Accessories Sub,2009-12-11,3.62,6.04
16212,General Furnishings,General Furnishings Sub,2009-12-02,4.67,7.78
16215,General Furnishings,General Furnishings Sub,2009-12-03,0.39,0.65
16216,General Furnishings,General Furnishings Sub,2009-12-04,0.78,1.3
16218,General Furnishings,General Furnishings Sub,2009-12-08,1.3,2.17
16219,General Furnishings,General Furnishings Sub,2009-12-06,1.04,1.74
16225,General Furnishings,General Furnishings Sub,2009-12-01,2.06,3.43
16235,General Furnishings,General Furnishings Sub,2009-12-01,0.28,0.47
16236,General Furnishings,General Furnishings Sub,2009-12-02,0.26,0.43
16237,General Furnishings,General Furnishings Sub,2009-12-01,0.26,0.43
16238,Seasonal & Gifts,Seasonal & Gifts Sub,2009-12-01,0.26,0.43
16239,Seasonal & Gifts,Seasonal & Gifts Sub,2009-12-02,1.77,2.95
16243B,General Furnishings,General Furnishings Sub,2009-12-02,3.62,6.04
16244A,General Furnishings,General Furnishings Sub,2009-12-02,2.58,4.3
16244B,General Furnishings,General Furnishings Sub,2009-12-03,2.58,4.3
16245A,Storage & Accessories,Storage & Accessories Sub,2010-03-10,0.75,1.25
16248B,General Furnishings,General Furnishings Sub,2010-09-20,0.75,1.25
16254,General Furnishings,General Furnishings Sub,2010-01-11,1.02,1.7
16256B,General Furnishings,General Furnishings Sub,2009-12-04,0.5,0.83
16256C,Seasonal & Gifts,Seasonal & Gifts Sub,2009-12-13,0.25,0.42
16258A,Storage & Accessories,Storage & Accessories Sub,2009-12-11,0.5,0.84
16258B,Storage & Accessories,Storage & Accessories Sub,2009-12-02,0.52,0.86
16259,General Furnishings,General Furnishings Sub,2009-12-07,0.13,0.21
17001,General Furnishings,General Furnishings Sub,2009-12-04,0.17,0.29
17003,General Furnishings,General Furnishings Sub,2009-12-01,0.5,0.83
17007B,General Furnishings,General Furnishings Sub,2009-12-14,1.26,2.1
17011A,General Furnishings,General Furnishings Sub,2009-12-22,2.58,4.3
17011B,General Furnishings,General Furnishings Sub,2010-05-30,1.26,2.1
17011C,General Furnishings,General Furnishings Sub,2009-12-14,2.58,4.3
17011D,General Furnishings,General Furnishings Sub,2009-12-15,2.58,4.3
17011E,General Furnishings,General Furnishings Sub,2009-12-16,0.39,0.65
17011F,General Furnishings,General Furnishings Sub,2009-12-16,2.53,4.21
17012A,Home Decor & Lighting,Home Decor & Lighting Sub,2009-12-01,3.1,5.17
17012B,Home Decor & Lighting,Home Decor & Lighting Sub,2009-12-08,3.1,5.17
17012C,General Furnishings,General Furnishings Sub,2010-02-05,3.04,5.06
17012D,Home Decor & Lighting,Home Decor & Lighting Sub,2010-03-12,3.04,5.06
17012E,Home Decor & Lighting,Home Decor & Lighting Sub,2009-12-16,3.1,5.17
17012F,General Furnishings,General Furnishings Sub,2010-03-03,3.04,5.06
17013B,General Furnishings,General Furnishings Sub,2009-12-09,2.06,3.43
17013C,General Furnishings,General Furnishings Sub,2009-12-16,0.25,0.42
17013D,General Furnishings,General Furnishings Sub,2009-12-09,2.06,3.43
17013F,General Furnishings,General Furnishings Sub,2009-12-21,0.99,1.65
17014A,General Furnishings,General Furnishings Sub,2009-12-09,2.06,3.43
17014C,General Furnishings,General Furnishings Sub,2009-12-05,2.06,3.43
17014D,General Furnishings,General Furnishings Sub,2010-01-14,2.02,3.36
17014E,General Furnishings,General Furnishings Sub,2010-05-10,0.99,1.65
17014F,General Furnishings,General Furnishings Sub,2010-01-21,0.99,1.65
17021,General Furnishings,General Furnishings Sub,2010-01-22,0.18,0.3
17027A,General Furnishings,General Furnishings Sub,2010-02-04,0.25,0.42
17028J,General Furnishings,General Furnishings Sub,2011-01-31,0.25,0.42
17033,General Furnishings,General Furnishings Sub,2009-12-02,0.17,0.29
17038,Storage & Accessories,Storage & Accessories Sub,2009-12-14,0.51,0.85
17039,Storage & Accessories,Storage & Accessories Sub,2009-12-02,0.39,0.65
17061,General Furnishings,General Furnishings Sub,2009-12-07,0.02,0.04
17084A,General Furnishings,General Furnishings Sub,2010-02-04,0.13,0.21
17084G,General Furnishings,General Furnishings Sub,2009-12-02,0.13,0.21
17084J,General Furnishings,General Furnishings Sub,2009-12-01,0.13,0.21
17084N,General Furnishings,General Furnishings Sub,2009-12-02,0.26,0.43
17084P,General Furnishings,General Furnishings Sub,2009-12-07,0.26,0.43
17084R,General Furnishings,General Furnishings Sub,2009-12-02,0.13,0.21
17090A,General Furnishings,General Furnishings Sub,2009-12-10,0.75,1.25
17090D,General Furnishings,General Furnishings Sub,2009-12-13,0.75,1.25
17091A,General Furnishings,General Furnishings Sub,2009-12-06,1.54,2.57
17091B,Kitchen & Dining,Kitchen & Dining Sub,2009-12-06,1.54,2.57
17091F,General Furnishings,General Furnishings Sub,2009-12-06,1.54,2.57
17091J,General Furnishings,General Furnishings Sub,2009-12-01,1.54,2.57
17096,Storage & Accessories,Storage & Accessories Sub,2009-12-02,0.26,0.43
17107D,General Furnishings,General Furnishings Sub,2009-12-04,1.53,2.55
17108D,General Furnishings,General Furnishings Sub,2009-12-01,0.25,0.42
17109A,General Furnishings,General Furnishings Sub,2009-12-02,1.01,1.69
17109B,General Furnishings,General Furnishings Sub,2009-12-02,2.06,3.43
17109C,General Furnishings,General Furnishings Sub,2009-12-02,1.01,1.69
17109D,General Furnishings,General Furnishings Sub,2009-12-04,2.02,3.36
17129C,Kitchen & Dining,Kitchen & Dining Sub,2009-12-09,0.51,0.85
17129D,Kitchen & Dining,Kitchen & Dining Sub,2009-12-01,1.02,1.7
17129F,Kitchen & Dining,Kitchen & Dining Sub,2009-12-04,1.02,1.7
17136A,Home Decor & Lighting,Home Decor & Lighting Sub,2009-12-03,0.13,0.21
17164B,General Furnishings,General Furnishings Sub,2009-12-01,0.25,0.42
17164D,General Furnishings,General Furnishings Sub,2009-12-01,0.25,0.42
17165B,General Furnishings,General Furnishings Sub,2009-12-01,0.63,1.05
17165D,General Furnishings,General Furnishings Sub,2009-12-01,0.63,1.05
17174,General Furnishings,General Furnishings Sub,2010-02-01,0.25,0.42
17178,Storage & Accessories,Storage & Accessories Sub,2009-12-08,0.75,1.25
17181,Storage & Accessories,Storage & Accessories Sub,2009-12-01,3.1,5.17
17191A,Home Decor & Lighting,Home Decor & Lighting Sub,2009-12-09,2.25,3.75
18007,General Furnishings,General Furnishings Sub,2009-12-02,0.26,0.43
18010,General Furnishings,General Furnishings Sub,2009-12-01,0.5,0.83
18094C,General Furnishings,General Furnishings Sub,2009-12-02,1.54,2.57
18096C,Storage & Accessories,Storage & Accessories Sub,2009-12-01,3.13,5.21
18096c,Storage & Accessories,Storage & Accessories Sub,2009-12-01,3.1,5.17
18097A,Storage & Accessories,Storage & Accessories Sub,2010-03-05,1.53,2.55
18097B,Storage & Accessories,Storage & Accessories Sub,2009-12-02,1.53,2.55
18097C,Storage & Accessories,Storage & Accessories Sub,2009-12-01,3.04,5.06
18098A,General Furnishings,General Furnishings Sub,2009-12-14,1.77,2.95
18098B,General Furnishings,General Furnishings Sub,2009-12-13,1.77,2.95
18098C,General Furnishings,General Furnishings Sub,2009-12-01,3.65,6.08
18098c,General Furnishings,General Furnishings Sub,2009-12-01,3.1,5.17
20615,General Furnishings,General Furnishings Sub,2009-12-01,2.58,4.3
20616,General Furnishings,General Furnishings Sub,2009-12-01,2.58,4.3
20617,General Furnishings,General Furnishings Sub,2009-12-02,2.58,4.3
20618,General Furnishings,General Furnishings Sub,2009-12-01,2.58,4.3
20619,General Furnishings,General Furnishings Sub,2009-12-01,2.58,4.3
20620,General Furnishings,General Furnishings Sub,2009-12-02,2.58,4.3
20621,General Furnishings,General Furnishings Sub,2009-12-02,2.58,4.3
20622,General Furnishings,General Furnishings Sub,2009-12-01,2.58,4.3
20652,General Furnishings,General Furnishings Sub,2009-12-01,1.54,2.57
20653,General Furnishings,General Furnishings Sub,2009-12-02,1.54,2.57
20654,General Furnishings,General Furnishings Sub,2009-12-01,1.54,2.57
20655,General Furnishings,General Furnishings Sub,2009-12-01,1.54,2.57
20657,General Furnishings,General Furnishings Sub,2009-12-01,1.54,2.57
20658,General Furnishings,General Furnishings Sub,2009-12-01,1.54,2.57
20659,General Furnishings,General Furnishings Sub,2009-12-01,1.54,2.57
20660,General Furnishings,General Furnishings Sub,2009-12-01,0.75,1.25
20661,General Furnishings,General Furnishings Sub,2009-12-01,3.62,6.04
20662,General Furnishings,General Furnishings Sub,2009-12-06,3.47,5.79
20663,General Furnishings,General Furnishings Sub,2009-12-10,3.47,5.79
20664,General Furnishings,General Furnishings Sub,2009-12-15,1.77,2.95
20665,General Furnishings,General Furnishings Sub,2009-12-01,3.62,6.04
20666,General Furnishings,General Furnishings Sub,2009-12-08,3.62,6.04
20667,General Furnishings,General Furnishings Sub,2009-12-17,1.77,2.95
20668,Seasonal & Gifts,Seasonal & Gifts Sub,2009-12-02,0.26,0.43
20669,Seasonal & Gifts,Seasonal & Gifts Sub,2009-12-02,1.54,2.57
20670,General Furnishings,General Furnishings Sub,2009-12-08,3.62,6.04
20671,Kitchen & Dining,Kitchen & Dining Sub,2009-12-02,1.54,2.57
20672,Kitchen & Dining,Kitchen & Dining Sub,2009-12-02,1.54,2.57
20673,Kitchen & Dining,Kitchen & Dining Sub,2009-12-01,0.75,1.25
20674,Kitchen & Dining,Kitchen & Dining Sub,2009-12-01,1.54,2.57
20675,Kitchen & Dining,Kitchen & Dining Sub,2009-12-01,2.02,3.36
20676,Kitchen & Dining,Kitchen & Dining Sub,2009-12-01,2.02,3.36
20677,Kitchen & Dining,Kitchen & Dining Sub,2009-12-01,2.02,3.36
20678,General Furnishings,General Furnishings Sub,2011-09-23,0.99,1.65
20679,General Furnishings,General Furnishings Sub,2009-12-01,7.8,13.0
20680,General Furnishings,General Furnishings Sub,2009-12-10,1.95,3.25
20681,General Furnishings,General Furnishings Sub,2009-12-01,4.15,6.91
20682,General Furnishings,General Furnishings Sub,2009-12-01,4.15,6.91
20683,General Furnishings,General Furnishings Sub,2009-12-11,1.95,3.25
20684,General Furnishings,General Furnishings Sub,2009-12-01,4.15,6.91
20685,General Furnishings,General Furnishings Sub,2009-12-01,10.19,16.98
20686,General Furnishings,General Furnishings Sub,2009-12-02,4.15,6.91
20688,Kitchen & Dining,Kitchen & Dining Sub,2009-12-04,7.8,13.0
20689,Kitchen & Dining,Kitchen & Dining Sub,2009-12-07,7.8,13.0
20692,General Furnishings,General Furnishings Sub,2009-12-01,5.19,8.65
20693,General Furnishings,General Furnishings Sub,2009-12-02,5.19,8.65
20694,General Furnishings,General Furnishings Sub,2009-12-01,4.67,7.78
20695,General Furnishings,General Furnishings Sub,2009-12-01,5.19,8.65
20696,General Furnishings,General Furnishings Sub,2009-12-02,4.67,7.78
20697,General Furnishings,General Furnishings Sub,2009-12-13,1.53,2.55
20698,General Furnishings,General Furnishings Sub,2010-01-17,1.53,2.55
20699,General Furnishings,General Furnishings Sub,2009-12-04,3.1,5.17
20700,General Furnishings,General Furnishings Sub,2009-12-07,6.1,10.17
20701,General Furnishings,General Furnishings Sub,2009-12-02,6.23,10.39
20702,General Furnishings,General Furnishings Sub,2009-12-03,5.08,8.47
20703,General Furnishings,General Furnishings Sub,2009-12-01,5.08,8.47
20704,General Furnishings,General Furnishings Sub,2009-12-06,8.66,14.43
20705,General Furnishings,General Furnishings Sub,2009-12-07,4.17,6.95
20707,Seasonal & Gifts,Seasonal & Gifts Sub,2009-12-04,1.54,2.57
20711,Storage & Accessories,Storage & Accessories Sub,2009-12-01,3.04,5.06
20712,Storage & Accessories,Storage & Accessories Sub,2009-12-01,3.04,5.06
20713,Storage & Accessories,Storage & Accessories Sub,2009-12-01,3.04,5.06
20714,Storage & Accessories,Storage & Accessories Sub,2009-12-01,1.54,2.57
20715,Storage & Accessories,Storage & Accessories Sub,2010-01-07,0.64,1.06
20716,Storage & Accessories,Storage & Accessories Sub,2009-12-01,1.54,2.57
20717,Storage & Accessories,Storage & Accessories Sub,2009-12-04,2.02,3.36
20718,Storage & Accessories,Storage & Accessories Sub,2009-12-01,2.02,3.36
20719,Storage & Accessories,Storage & Accessories Sub,2009-12-01,1.51,2.51
20721,Storage & Accessories,Storage & Accessories Sub,2009-12-07,0.51,0.85
20723,Storage & Accessories,Storage & Accessories Sub,2009-12-01,1.51,2.51
20724,Storage & Accessories,Storage & Accessories Sub,2009-12-01,3.38,5.63
20725,Storage & Accessories,Storage & Accessories Sub,2009-12-01,5.0,8.33
20726,Storage & Accessories,Storage & Accessories Sub,2009-12-01,5.0,8.33
20727,Storage & Accessories,Storage & Accessories Sub,2009-12-01,5.0,8.33
20728,Storage & Accessories,Storage & Accessories Sub,2009-12-01,3.04,5.06
20729,Storage & Accessories,Storage & Accessories Sub,2009-12-01,1.54,2.57
20730,Storage & Accessories,Storage & Accessories Sub,2009-12-01,1.54,2.57
20731,Storage & Accessories,Storage & Accessories Sub,2009-12-07,1.51,2.51
20733,General Furnishings,General Furnishings Sub,2009-12-03,1.02,1.7
20734,General Furnishings,General Furnishings Sub,2009-12-01,1.51,2.51
20735,General Furnishings,General Furnishings Sub,2009-12-02,1.51,2.51
20736,General Furnishings,General Furnishings Sub,2009-12-02,0.51,0.85
20737,General Furnishings,General Furnishings Sub,2009-12-02,1.02,1.7
20738,General Furnishings,General Furnishings Sub,2009-12-03,1.51,2.51
20739,Home Decor & Lighting,Home Decor & Lighting Sub,2009-12-01,5.19,8.65
20747,Kitchen & Dining,Kitchen & Dining Sub,2009-12-01,18.23,30.39
20748,Kitchen & Dining,Kitchen & Dining Sub,2009-12-01,15.62,26.04
20749,Storage & Accessories,Storage & Accessories Sub,2009-12-01,10.41,17.35
20750,Storage & Accessories,Storage & Accessories Sub,2009-12-01,10.41,17.35
20751,General Furnishings,General Furnishings Sub,2009-12-01,2.58,4.3
20752,General Furnishings,General Furnishings Sub,2009-12-01,2.58,4.3
20753,General Furnishings,General Furnishings Sub,2009-12-01,2.58,4.3
20754,General Furnishings,General Furnishings Sub,2009-12-01,2.58,4.3
20755,General Furnishings,General Furnishings Sub,2009-12-07,1.02,1.7
20756,General Furnishings,General Furnishings Sub,2009-12-01,1.02,1.7
20757,General Furnishings,General Furnishings Sub,2009-12-07,1.02,1.7
20758,General Furnishings,General Furnishings Sub,2009-12-01,1.02,1.7
20759,General Furnishings,General Furnishings Sub,2009-12-17,0.51,0.85
20760,General Furnishings,General Furnishings Sub,2009-12-04,1.0,1.66
20761,General Furnishings,General Furnishings Sub,2009-12-01,4.67,7.78
20762,General Furnishings,General Furnishings Sub,2009-12-04,4.57,7.62
20763,General Furnishings,General Furnishings Sub,2009-12-07,4.67,7.78
20764,General Furnishings,General Furnishings Sub,2009-12-02,4.67,7.78
20765,General Furnishings,General Furnishings Sub,2009-12-01,4.57,7.62
20766,General Furnishings,General Furnishings Sub,2009-12-04,4.67,7.78
20767,General Furnishings,General Furnishings Sub,2009-12-01,3.04,5.06
20768,General Furnishings,General Furnishings Sub,2009-12-01,3.04,5.06
20769,General Furnishings,General Furnishings Sub,2009-12-07,3.04,5.06
20770,General Furnishings,General Furnishings Sub,2009-12-01,3.04,5.06
20771,General Furnishings,General Furnishings Sub,2009-12-01,3.1,5.17
20772,General Furnishings,General Furnishings Sub,2009-12-02,3.04,5.06
20773,General Furnishings,General Furnishings Sub,2009-12-01,2.06,3.43
20774,General Furnishings,General Furnishings Sub,2009-12-01,2.06,3.43
20775,General Furnishings,General Furnishings Sub,2009-12-06,2.06,3.43
20776,General Furnishings,General Furnishings Sub,2009-12-01,2.06,3.43
20777,General Furnishings,General Furnishings Sub,2009-12-01,2.06,3.43
20778,General Furnishings,General Furnishings Sub,2009-12-02,2.06,3.43
20780,General Furnishings,General Furnishings Sub,2009-12-01,6.76,11.26
20781,General Furnishings,General Furnishings Sub,2009-12-04,6.76,11.26
20782,General Furnishings,General Furnishings Sub,2009-12-01,6.76,11.26
20783,Seasonal & Gifts,Seasonal & Gifts Sub,2009-12-01,6.76,11.26
20784,General Furnishings,General Furnishings Sub,2009-12-01,46.93,78.22
20785,General Furnishings,General Furnishings Sub,2010-01-22,45.93,76.55
20786,General Furnishings,General Furnishings Sub,2010-01-22,45.93,76.55
20787,General Furnishings,General Furnishings Sub,2010-01-17,45.93,76.55
20791,General Furnishings,General Furnishings Sub,2010-01-14,7.65,12.75
20793,General Furnishings,General Furnishings Sub,2009-12-02,8.84,14.74
20794,General Furnishings,General Furnishings Sub,2010-01-07,3.04,5.06
20795,General Furnishings,General Furnishings Sub,2009-12-09,2.58,4.3
20796,General Furnishings,General Furnishings Sub,2009-12-09,2.06,3.43
20798,Kitchen & Dining,Kitchen & Dining Sub,2009-12-01,2.58,4.3
20799,Kitchen & Dining,Kitchen & Dining Sub,2009-12-01,2.58,4.3
20800,Kitchen & Dining,Kitchen & Dining Sub,2010-01-11,3.1,5.17
20801,Kitchen & Dining,Kitchen & Dining Sub,2010-01-18,3.04,5.06
20802,Kitchen & Dining,Kitchen & Dining Sub,2009-12-16,2.06,3.43
20803,Kitchen & Dining,Kitchen & Dining Sub,2009-12-07,2.06,3.43
20804,Kitchen & Dining,Kitchen & Dining Sub,2009-12-01,2.06,3.43
20812,General Furnishings,General Furnishings Sub,2009-12-01,1.53,2.55
20814,General Furnishings,General Furnishings Sub,2009-12-01,0.75,1.25
20816,General Furnishings,General Furnishings Sub,2010-02-04,4.05,6.75
20818,General Furnishings,General Furnishings Sub,2009-12-02,4.67,7.78
20819,General Furnishings,General Furnishings Sub,2009-12-02,4.67,7.78
20820,Home Decor & Lighting,Home Decor & Lighting Sub,2009-12-17,2.97,4.95
20821,Home Decor & Lighting,Home Decor & Lighting Sub,2009-12-14,6.23,10.39
20822,General Furnishings,General Furnishings Sub,2010-02-01,2.79,4.65
20823,General Furnishings,General Furnishings Sub,2009-12-01,10.41,17.35
20825,Kitchen & Dining,Kitchen & Dining Sub,2009-12-01,15.62,26.04
20826,Kitchen & Dining,Kitchen & Dining Sub,2009-12-01,1.27,2.12
20827,Kitchen & Dining,Kitchen & Dining Sub,2009-12-01,1.27,2.12
20828,General Furnishings,General Furnishings Sub,2009-12-01,3.1,5.17
20829,General Furnishings,General Furnishings Sub,2009-12-01,2.58,4.3
20830,General Furnishings,General Furnishings Sub,2009-12-01,2.58,4.3
20831,General Furnishings,General Furnishings Sub,2009-12-01,2.53,4.21
20832,Seasonal & Gifts,Seasonal & Gifts Sub,2009-12-01,1.02,1.7
20833,General Furnishings,General Furnishings Sub,2009-12-06,29.97,49.95
20835,General Furnishings,General Furnishings Sub,2010-03-03,6.61,11.02
20836,General Furnishings,General Furnishings Sub,2010-03-02,1.77,2.95
20837,General Furnishings,General Furnishings Sub,2009-12-04,1.77,2.95
20838,General Furnishings,General Furnishings Sub,2010-02-14,1.97,3.29
20839,General Furnishings,General Furnishings Sub,2009-12-07,5.71,9.52
20840,General Furnishings,General Furnishings Sub,2009-12-18,5.59,9.32
20845,Seasonal & Gifts,Seasonal & Gifts Sub,2009-12-02,7.8,13.0
20846,Storage & Accessories,Storage & Accessories Sub,2009-12-14,1.54,2.57
20847,Seasonal & Gifts,Seasonal & Gifts Sub,2009-12-03,4.67,7.78
20848,Seasonal & Gifts,Seasonal & Gifts Sub,2009-12-10,1.77,2.95
20849,Seasonal & Gifts,Seasonal & Gifts Sub,2009-12-07,4.67,7.78
20850,Kitchen & Dining,Kitchen & Dining Sub,2010-01-06,1.77,2.95
20851,Seasonal & Gifts,Seasonal & Gifts Sub,2009-12-08,7.12,11.87
20854,Seasonal & Gifts,Seasonal & Gifts Sub,2009-12-03,2.02,3.36
20855,Seasonal & Gifts,Seasonal & Gifts Sub,2009-12-03,0.99,1.65
20856,General Furnishings,General Furnishings Sub,2009-12-06,1.97,3.29
20857,General Furnishings,General Furnishings Sub,2009-12-06,0.99,1.65
20858,General Furnishings,General Furnishings Sub,2009-12-14,0.99,1.65
20860,Storage & Accessories,Storage & Accessories Sub,2010-04-08,1.26,2.1
20861,Storage & Accessories,Storage & Accessories Sub,2009-12-03,1.26,2.1
20862,Storage & Accessories,Storage & Accessories Sub,2009-12-02,2.58,4.3
20863,Storage & Accessories,Storage & Accessories Sub,2009-12-01,2.58,4.3
20864,Storage & Accessories,Storage & Accessories Sub,2009-12-06,2.58,4.3
20865,Storage & Accessories,Storage & Accessories Sub,2009-12-01,2.58,4.3
20866,Home Decor & Lighting,Home Decor & Lighting Sub,2009-12-01,1.54,2.57
20867,Home Decor & Lighting,Home Decor & Lighting Sub,2009-12-01,1.54,2.57
20868,Home Decor & Lighting,Home Decor & Lighting Sub,2009-12-06,1.51,2.51
20869,Home Decor & Lighting,Home Decor & Lighting Sub,2009-12-02,1.51,2.51
20870,Storage & Accessories,Storage & Accessories Sub,2009-12-01,2.58,4.3
20871,Home Decor & Lighting,Home Decor & Lighting Sub,2009-12-02,2.58,4.3
20877,Home Decor & Lighting,Home Decor & Lighting Sub,2009-12-10,0.25,0.42
20878,Home Decor & Lighting,Home Decor & Lighting Sub,2009-12-02,1.54,2.57
20879,Home Decor & Lighting,Home Decor & Lighting Sub,2009-12-04,3.62,6.04
20881,Home Decor & Lighting,Home Decor & Lighting Sub,2009-12-10,0.51,0.85
20882,Home Decor & Lighting,Home Decor & Lighting Sub,2009-12-13,1.77,2.95
20884,Home Decor & Lighting,Home Decor & Lighting Sub,2009-12-10,1.26,2.1
20885,Storage & Accessories,Storage & Accessories Sub,2009-12-22,1.77,2.95
20886,Storage & Accessories,Storage & Accessories Sub,2009-12-01,2.58,4.3
20887,Storage & Accessories,Storage & Accessories Sub,2009-12-01,4.67,7.78
20888,Home Decor & Lighting,Home Decor & Lighting Sub,2009-12-01,3.62,6.04
20889,Home Decor & Lighting,Home Decor & Lighting Sub,2009-12-02,3.62,6.04
20890,Kitchen & Dining,Kitchen & Dining Sub,2010-01-21,4.57,7.62
20891,Kitchen & Dining,Kitchen & Dining Sub,2010-01-12,9.68,16.13
20892,Kitchen & Dining,Kitchen & Dining Sub,2009-12-01,15.62,26.04
20893,Storage & Accessories,Storage & Accessories Sub,2009-12-03,3.1,5.17
20894,Storage & Accessories,Storage & Accessories Sub,2009-12-01,3.62,6.04
20895,Seasonal & Gifts,Seasonal & Gifts Sub,2009-12-08,1.77,2.95
20896,Seasonal & Gifts,Seasonal & Gifts Sub,2009-12-09,1.77,2.95
20897,Seasonal & Gifts,Seasonal & Gifts Sub,2009-12-01,3.62,6.04
20898,Seasonal & Gifts,Seasonal & Gifts Sub,2009-12-04,3.62,6.04
20899,Seasonal & Gifts,Seasonal & Gifts Sub,2009-12-09,1.77,2.95
20901,Storage & Accessories,Storage & Accessories Sub,2009-12-01,7.8,13.0
20902,Storage & Accessories,Storage & Accessories Sub,2009-12-03,7.8,13.0
20903,Storage & Accessories,Storage & Accessories Sub,2009-12-01,7.8,13.0
20905,Storage & Accessories,Storage & Accessories Sub,2009-12-02,3.81,6.35
20906,Seasonal & Gifts,Seasonal & Gifts Sub,2009-12-02,3.62,6.04
20910,Seasonal & Gifts,Seasonal & Gifts Sub,2009-12-03,7.8,13.0
20913,Kitchen & Dining,Kitchen & Dining Sub,2009-12-01,3.62,6.04
20914,Kitchen & Dining,Kitchen & Dining Sub,2009-12-01,3.62,6.04
20931,Home Decor & Lighting,Home Decor & Lighting Sub,2009-12-07,4.67,7.78
20932,Home Decor & Lighting,Home Decor & Lighting Sub,2009-12-10,4.67,7.78
20933,Home Decor & Lighting,Home Decor & Lighting Sub,2009-12-02,4.67,7.78
20934,Home Decor & Lighting,Home Decor & Lighting Sub,2009-12-02,6.76,11.26
20935,Home Decor & Lighting,Home Decor & Lighting Sub,2009-12-08,3.62,6.04
20936,Home Decor & Lighting,Home Decor & Lighting Sub,2009-12-06,3.62,6.04
20939,Home Decor & Lighting,Home Decor & Lighting Sub,2009-12-11,0.51,0.85
20940,Home Decor & Lighting,Home Decor & Lighting Sub,2009-12-01,3.62,6.04
20941,Home Decor & Lighting,Home Decor & Lighting Sub,2009-12-01,1.54,2.57
20942,Home Decor & Lighting,Home Decor & Lighting Sub,2009-12-01,0.75,1.25
20943,Home Decor & Lighting,Home Decor & Lighting Sub,2009-12-01,1.54,2.57
20950,Home Decor & Lighting,Home Decor & Lighting Sub,2009-12-02,1.54,2.57
20952,General Furnishings,General Furnishings Sub,2009-12-10,1.51,2.51
20953,General Furnishings,General Furnishings Sub,2010-03-19,0.99,1.65
20954,Home Decor & Lighting,Home Decor & Lighting Sub,2009-12-02,5.19,8.65
20956,Storage & Accessories,Storage & Accessories Sub,2009-12-01,1.54,2.57
20957,General Furnishings,General Furnishings Sub,2010-04-11,2.02,3.36
20958,General Furnishings,General Furnishings Sub,2010-03-26,1.17,1.95
20960,General Furnishings,General Furnishings Sub,2009-12-01,1.54,2.57
20961,General Furnishings,General Furnishings Sub,2009-12-01,1.54,2.57
20963,General Furnishings,General Furnishings Sub,2009-12-01,1.54,2.57
20964,General Furnishings,General Furnishings Sub,2009-12-01,1.53,2.55
20966,General Furnishings,General Furnishings Sub,2009-12-01,1.54,2.57
20967,Storage & Accessories,Storage & Accessories Sub,2009-12-01,4.67,7.78
20968,Storage & Accessories,Storage & Accessories Sub,2009-12-01,4.67,7.78
20969,Storage & Accessories,Storage & Accessories Sub,2009-12-01,4.67,7.78
20970,Storage & Accessories,Storage & Accessories Sub,2009-12-01,4.67,7.78
20971,Storage & Accessories,Storage & Accessories Sub,2009-12-01,1.77,2.95
20972,Storage & Accessories,Storage & Accessories Sub,2009-12-01,1.54,2.57
20973,General Furnishings,General Furnishings Sub,2010-03-17,0.9,1.5
20974,General Furnishings,General Furnishings Sub,2009-12-01,0.78,1.3
20975,General Furnishings,General Furnishings Sub,2009-12-01,0.78,1.3
20976,General Furnishings,General Furnishings Sub,2009-12-02,0.78,1.3
20977,General Furnishings,General Furnishings Sub,2009-12-01,1.77,2.95
20978,General Furnishings,General Furnishings Sub,2009-12-01,1.54,2.57
20979,General Furnishings,General Furnishings Sub,2009-12-01,1.54,2.57
20980,General Furnishings,General Furnishings Sub,2009-12-01,1.54,2.57
20981,General Furnishings,General Furnishings Sub,2009-12-01,1.02,1.7
20982,General Furnishings,General Furnishings Sub,2009-12-01,1.02,1.7
20983,General Furnishings,General Furnishings Sub,2009-12-01,1.02,1.7
20984,General Furnishings,General Furnishings Sub,2009-12-01,1.02,1.7
20985,Seasonal & Gifts,Seasonal & Gifts Sub,2009-12-02,1.54,2.57
20986,General Furnishings,General Furnishings Sub,2009-12-02,1.54,2.57
20987,General Furnishings,General Furnishings Sub,2009-12-01,2.58,4.3
20988,General Furnishings,General Furnishings Sub,2009-12-02,1.17,1.95
20989,General Furnishings,General Furnishings Sub,2009-12-01,2.58,4.3
20990,General Furnishings,General Furnishings Sub,2009-12-02,2.58,4.3
20991,Seasonal & Gifts,Seasonal & Gifts Sub,2009-12-01,0.78,1.3
20992,Seasonal & Gifts,Seasonal & Gifts Sub,2009-12-01,1.02,1.7
20993,Seasonal & Gifts,Seasonal & Gifts Sub,2009-12-04,1.02,1.7
20994,Seasonal & Gifts,Seasonal & Gifts Sub,2009-12-01,0.51,0.85
20996,Seasonal & Gifts,Seasonal & Gifts Sub,2009-12-02,0.52,0.86
20997,General Furnishings,General Furnishings Sub,2009-12-08,7.12,11.87
20998,General Furnishings,General Furnishings Sub,2009-12-02,3.55,5.91
21000,Storage & Accessories,Storage & Accessories Sub,2009-12-03,5.08,8.47
21001,Storage & Accessories,Storage & Accessories Sub,2009-12-16,7.63,12.72
21002,Storage & Accessories,Storage & Accessories Sub,2009-12-21,5.08,8.47
21003,General Furnishings,General Furnishings Sub,2010-03-02,3.81,6.35
21004,General Furnishings,General Furnishings Sub,2009-12-01,5.19,8.65
21007,Kitchen & Dining,Kitchen & Dining Sub,2009-12-02,2.06,3.43
21008,Kitchen & Dining,Kitchen & Dining Sub,2010-02-01,1.51,2.51
21009,Kitchen & Dining,Kitchen & Dining Sub,2009-12-02,1.54,2.57
21010,Kitchen & Dining,Kitchen & Dining Sub,2009-12-02,1.54,2.57
21011,General Furnishings,General Furnishings Sub,2009-12-02,2.06,3.43
21012,Kitchen & Dining,Kitchen & Dining Sub,2009-12-01,2.58,4.3
21014,General Furnishings,General Furnishings Sub,2009-12-01,1.02,1.7
21015,General Furnishings,General Furnishings Sub,2009-12-01,1.54,2.57
21016,Home Decor & Lighting,Home Decor & Lighting Sub,2009-12-01,1.54,2.57
21017,General Furnishings,General Furnishings Sub,2009-12-01,1.54,2.57
21018,Storage & Accessories,Storage & Accessories Sub,2009-12-01,1.51,2.51
21025,General Furnishings,General Furnishings Sub,2009-12-01,1.54,2.57
21026,General Furnishings,General Furnishings Sub,2009-12-02,1.54,2.57
21027,General Furnishings,General Furnishings Sub,2009-12-04,1.54,2.57
21028,General Furnishings,General Furnishings Sub,2009-12-05,1.54,2.57
21030,General Furnishings,General Furnishings Sub,2009-12-16,1.48,2.46
21031,General Furnishings,General Furnishings Sub,2009-12-01,1.51,2.51
21032,General Furnishings,General Furnishings Sub,2009-12-04,1.51,2.51
21033,Storage & Accessories,Storage & Accessories Sub,2009-12-01,3.62,6.04
21034,General Furnishings,General Furnishings Sub,2009-12-01,0.57,0.95
21035,Kitchen & Dining,Kitchen & Dining Sub,2009-12-01,3.98,6.63
21036,Kitchen & Dining,Kitchen & Dining Sub,2009-12-14,1.53,2.55
21038,Seasonal & Gifts,Seasonal & Gifts Sub,2009-12-16,3.62,6.04
21039,Storage & Accessories,Storage & Accessories Sub,2009-12-01,3.62,6.04
21040,Storage & Accessories,Storage & Accessories Sub,2009-12-02,3.1,5.17
21041,General Furnishings,General Furnishings Sub,2009-12-01,3.98,6.63
21042,General Furnishings,General Furnishings Sub,2009-12-01,7.8,13.0
21043,Seasonal & Gifts,Seasonal & Gifts Sub,2009-12-07,7.63,12.72
21051,General Furnishings,General Furnishings Sub,2009-12-03,2.58,4.3
21054,Storage & Accessories,Storage & Accessories Sub,2009-12-03,10.41,17.35
21055,Storage & Accessories,Storage & Accessories Sub,2009-12-01,10.41,17.35
21056,Storage & Accessories,Storage & Accessories Sub,2009-12-03,10.41,17.35
21058,Seasonal & Gifts,Seasonal & Gifts Sub,2009-12-01,1.02,1.7
21059,Seasonal & Gifts,Seasonal & Gifts Sub,2009-12-06,1.0,1.66
21060,Seasonal & Gifts,Seasonal & Gifts Sub,2009-12-08,1.02,1.7
21061,Seasonal & Gifts,Seasonal & Gifts Sub,2009-12-08,1.0,1.66
21062,Seasonal & Gifts,Seasonal & Gifts Sub,2009-12-08,1.0,1.66
21063,Seasonal & Gifts,Seasonal & Gifts Sub,2009-12-01,1.02,1.7
21064,Storage & Accessories,Storage & Accessories Sub,2009-12-01,7.28,12.13
21065,Storage & Accessories,Storage & Accessories Sub,2009-12-02,7.28,12.13
21066,Kitchen & Dining,Kitchen & Dining Sub,2009-12-01,1.51,2.51
21067,Kitchen & Dining,Kitchen & Dining Sub,2009-12-01,1.54,2.57
21068,Kitchen & Dining,Kitchen & Dining Sub,2009-12-01,1.54,2.57
21069,Kitchen & Dining,Kitchen & Dining Sub,2009-12-01,1.54,2.57
21070,Kitchen & Dining,Kitchen & Dining Sub,2009-12-01,1.54,2.57
21071,Kitchen & Dining,Kitchen & Dining Sub,2009-12-01,1.54,2.57
21076,General Furnishings,General Furnishings Sub,2009-12-02,1.02,1.7
21077,General Furnishings,General Furnishings Sub,2009-12-02,1.02,1.7
21078,General Furnishings,General Furnishings Sub,2009-12-02,1.51,2.51
21080,General Furnishings,General Furnishings Sub,2009-12-01,1.51,2.51
21081,General Furnishings,General Furnishings Sub,2009-12-01,0.51,0.85
21082,General Furnishings,General Furnishings Sub,2009-12-01,1.51,2.51
21084,Kitchen & Dining,Kitchen & Dining Sub,2009-12-06,1.02,1.7
21085,Kitchen & Dining,Kitchen & Dining Sub,2009-12-01,1.02,1.7
21086,Kitchen & Dining,Kitchen & Dining Sub,2009-12-01,1.02,1.7
21087,Kitchen & Dining,Kitchen & Dining Sub,2010-01-25,1.0,1.66
21088,Kitchen & Dining,Kitchen & Dining Sub,2009-12-15,1.0,1.66
21089,Kitchen & Dining,Kitchen & Dining Sub,2010-01-15,1.0,1.66
21090,Kitchen & Dining,Kitchen & Dining Sub,2009-12-16,1.0,1.66
21091,Kitchen & Dining,Kitchen & Dining Sub,2009-12-01,1.02,1.7
21092,Kitchen & Dining,Kitchen & Dining Sub,2009-12-07,1.02,1.7
21094,Kitchen & Dining,Kitchen & Dining Sub,2009-12-01,1.51,2.51
21095,Kitchen & Dining,Kitchen & Dining Sub,2009-12-17,1.0,1.66
21096,Kitchen & Dining,Kitchen & Dining Sub,2009-12-10,1.0,1.66
21097,Kitchen & Dining,Kitchen & Dining Sub,2010-01-15,0.51,0.85
21098,Seasonal & Gifts,Seasonal & Gifts Sub,2009-12-01,2.02,3.36
21099,Kitchen & Dining,Kitchen & Dining Sub,2009-12-01,1.02,1.7
21100,Storage & Accessories,Storage & Accessories Sub,2009-12-01,2.53,4.21
21102,Home Decor & Lighting,Home Decor & Lighting Sub,2009-12-02,2.58,4.3
21106,General Furnishings,General Furnishings Sub,2009-12-02,3.62,6.04
21107,General Furnishings,General Furnishings Sub,2009-12-02,3.62,6.04
21108,General Furnishings,General Furnishings Sub,2009-12-01,3.1,5.17
21109,General Furnishings,General Furnishings Sub,2009-12-04,8.32,13.87
21110,General Furnishings,General Furnishings Sub,2009-12-01,8.32,13.87
21111,General Furnishings,General Furnishings Sub,2009-12-01,3.62,6.04
21112,General Furnishings,General Furnishings Sub,2009-12-01,3.62,6.04
21114,Seasonal & Gifts,Seasonal & Gifts Sub,2009-12-01,6.76,11.26
21115,General Furnishings,General Furnishings Sub,2009-12-01,8.84,14.74
21116,General Furnishings,General Furnishings Sub,2009-12-01,5.19,8.65
21117,General Furnishings,General Furnishings Sub,2009-12-10,4.05,6.75
21118,Storage & Accessories,Storage & Accessories Sub,2009-12-02,3.45,5.75
21119,Kitchen & Dining,Kitchen & Dining Sub,2009-12-18,8.32,13.87
21120,Storage & Accessories,Storage & Accessories Sub,2010-12-09,10.19,16.98
21121,Home Decor & Lighting,Home Decor & Lighting Sub,2009-12-01,1.54,2.57
21122,Home Decor & Lighting,Home Decor & Lighting Sub,2009-12-01,1.54,2.57
21123,Home Decor & Lighting,Home Decor & Lighting Sub,2009-12-03,1.51,2.51
21124,Home Decor & Lighting,Home Decor & Lighting Sub,2009-12-01,1.54,2.57
21125,Home Decor & Lighting,Home Decor & Lighting Sub,2009-12-01,1.51,2.51
21126,Home Decor & Lighting,Home Decor & Lighting Sub,2009-12-01,1.54,2.57
21127,General Furnishings,General Furnishings Sub,2009-12-03,7.8,13.0
21128,General Furnishings,General Furnishings Sub,2009-12-17,7.63,12.72
21129,General Furnishings,General Furnishings Sub,2009-12-02,7.8,13.0
21130,General Furnishings,General Furnishings Sub,2009-12-04,4.15,6.91
21131,General Furnishings,General Furnishings Sub,2009-12-07,5.19,8.65
21132,General Furnishings,General Furnishings Sub,2009-12-14,5.19,8.65
21133,Seasonal & Gifts,Seasonal & Gifts Sub,2009-12-01,13.02,21.7
21134,Seasonal & Gifts,Seasonal & Gifts Sub,2009-12-01,15.62,26.04
21135,General Furnishings,General Furnishings Sub,2009-12-02,15.29,25.49
21136,General Furnishings,General Furnishings Sub,2009-12-01,15.62,26.04
21137,General Furnishings,General Furnishings Sub,2009-12-01,4.67,7.78
21143,Kitchen & Dining,Kitchen & Dining Sub,2009-12-01,2.58,4.3
21144,General Furnishings,General Furnishings Sub,2009-12-02,2.06,3.43
21145,Kitchen & Dining,Kitchen & Dining Sub,2009-12-01,8.84,14.74
21146,Kitchen & Dining,Kitchen & Dining Sub,2009-12-02,2.58,4.3
21147,General Furnishings,General Furnishings Sub,2009-12-04,2.58,4.3
21153,General Furnishings,General Furnishings Sub,2009-12-01,13.02,21.7
21154,General Furnishings,General Furnishings Sub,2009-12-01,3.92,6.54
21155,Storage & Accessories,Storage & Accessories Sub,2009-12-01,2.98,4.96
21156,General Furnishings,General Furnishings Sub,2009-12-01,2.58,4.3
21157,Storage & Accessories,Storage & Accessories Sub,2009-12-01,2.58,4.3
21158,General Furnishings,General Furnishings Sub,2009-12-02,2.06,3.43
21159,General Furnishings,General Furnishings Sub,2009-12-01,2.06,3.43
21160,General Furnishings,General Furnishings Sub,2009-12-01,2.06,3.43
21161,General Furnishings,General Furnishings Sub,2009-12-01,2.06,3.43
21162,General Furnishings,General Furnishings Sub,2009-12-01,2.06,3.43
21163,General Furnishings,General Furnishings Sub,2009-12-02,2.06,3.43
21164,Seasonal & Gifts,Seasonal & Gifts Sub,2009-12-01,3.62,6.04
21165,Seasonal & Gifts,Seasonal & Gifts Sub,2009-12-01,2.58,4.3
21166,Seasonal & Gifts,Seasonal & Gifts Sub,2009-12-01,2.58,4.3
21167,General Furnishings,General Furnishings Sub,2009-12-10,0.26,0.43
21169,Seasonal & Gifts,Seasonal & Gifts Sub,2009-12-08,2.58,4.3
21171,Seasonal & Gifts,Seasonal & Gifts Sub,2009-12-02,2.06,3.43
21172,Seasonal & Gifts,Seasonal & Gifts Sub,2009-12-01,2.58,4.3
21173,Seasonal & Gifts,Seasonal & Gifts Sub,2009-12-01,2.58,4.3
21174,Seasonal & Gifts,Seasonal & Gifts Sub,2009-12-01,2.58,4.3
21175,Seasonal & Gifts,Seasonal & Gifts Sub,2009-12-01,2.98,4.96
21179,Seasonal & Gifts,Seasonal & Gifts Sub,2009-12-01,2.06,3.43
21181,Seasonal & Gifts,Seasonal & Gifts Sub,2009-12-01,2.58,4.3
21185,General Furnishings,General Furnishings Sub,2009-12-01,7.8,13.0
21186,General Furnishings,General Furnishings Sub,2009-12-01,2.06,3.43
21187,General Furnishings,General Furnishings Sub,2009-12-01,2.06,3.43
21188,Seasonal & Gifts,Seasonal & Gifts Sub,2009-12-03,3.62,6.04
21189,General Furnishings,General Furnishings Sub,2009-12-01,2.06,3.43
21190,Seasonal & Gifts,Seasonal & Gifts Sub,2009-12-13,2.02,3.36
21191,General Furnishings,General Furnishings Sub,2009-12-01,2.58,4.3
21192,General Furnishings,General Furnishings Sub,2009-12-01,2.06,3.43
21193,General Furnishings,General Furnishings Sub,2009-12-02,2.58,4.3
21194,General Furnishings,General Furnishings Sub,2009-12-03,2.58,4.3
21195,General Furnishings,General Furnishings Sub,2009-12-02,2.58,4.3
21196,General Furnishings,General Furnishings Sub,2010-02-08,2.02,3.36
21197,General Furnishings,General Furnishings Sub,2010-03-03,1.97,3.29
21198,Seasonal & Gifts,Seasonal & Gifts Sub,2009-12-01,2.06,3.43
21199,Seasonal & Gifts,Seasonal & Gifts Sub,2009-12-07,2.06,3.43
21200,General Furnishings,General Furnishings Sub,2009-12-01,2.06,3.43
21201,General Furnishings,General Furnishings Sub,2009-12-01,3.1,5.17
21202,General Furnishings,General Furnishings Sub,2009-12-14,2.02,3.36
21203,General Furnishings,General Furnishings Sub,2009-12-03,2.06,3.43
21204,General Furnishings,General Furnishings Sub,2009-12-06,2.02,3.36
21205,General Furnishings,General Furnishings Sub,2009-12-02,3.1,5.17
21206,General Furnishings,General Furnishings Sub,2009-12-03,2.02,3.36
21207,General Furnishings,General Furnishings Sub,2009-12-03,2.06,3.43
21208,General Furnishings,General Furnishings Sub,2009-12-16,2.06,3.43
21209,General Furnishings,General Furnishings Sub,2009-12-16,2.02,3.36
21210,General Furnishings,General Furnishings Sub,2009-12-01,2.3,3.83
21211,General Furnishings,General Furnishings Sub,2009-12-02,2.3,3.83
21212,Storage & Accessories,Storage & Accessories Sub,2009-12-01,3.0,5.0
21213,Storage & Accessories,Storage & Accessories Sub,2009-12-01,3.13,5.21
21214,General Furnishings,General Furnishings Sub,2009-12-01,1.82,3.04
21215,Kitchen & Dining,Kitchen & Dining Sub,2009-12-04,1.28,2.13
21216,Kitchen & Dining,Kitchen & Dining Sub,2009-12-01,6.76,11.26
21217,General Furnishings,General Furnishings Sub,2009-12-01,13.02,21.7
21218,General Furnishings,General Furnishings Sub,2009-12-01,5.19,8.65
21219,General Furnishings,General Furnishings Sub,2009-12-04,1.54,2.57
21220,General Furnishings,General Furnishings Sub,2009-12-02,1.54,2.57
21221,General Furnishings,General Furnishings Sub,2009-12-01,1.54,2.57
21222,General Furnishings,General Furnishings Sub,2009-12-07,1.54,2.57
21223,General Furnishings,General Furnishings Sub,2009-12-01,1.54,2.57
21224,General Furnishings,General Furnishings Sub,2009-12-03,1.54,2.57
21225,Home Decor & Lighting,Home Decor & Lighting Sub,2009-12-11,0.75,1.25
21226,Home Decor & Lighting,Home Decor & Lighting Sub,2009-12-11,0.75,1.25
21228,Home Decor & Lighting,Home Decor & Lighting Sub,2009-12-09,1.54,2.57
21231,Storage & Accessories,Storage & Accessories Sub,2009-12-01,1.54,2.57
21232,Storage & Accessories,Storage & Accessories Sub,2009-12-01,2.02,3.36
21238,Kitchen & Dining,Kitchen & Dining Sub,2009-12-01,1.51,2.51
21239,Kitchen & Dining,Kitchen & Dining Sub,2009-12-01,1.51,2.51
21240,Kitchen & Dining,Kitchen & Dining Sub,2009-12-01,1.51,2.51
21241,Kitchen & Dining,Kitchen & Dining Sub,2009-12-01,1.02,1.7
21242,Kitchen & Dining,Kitchen & Dining Sub,2009-12-01,2.53,4.21
21243,Kitchen & Dining,Kitchen & Dining Sub,2009-12-01,2.53,4.21
21244,Kitchen & Dining,Kitchen & Dining Sub,2009-12-01,2.53,4.21
21245,Kitchen & Dining,Kitchen & Dining Sub,2009-12-01,2.06,3.43
21246,Kitchen & Dining,Kitchen & Dining Sub,2009-12-01,6.76,11.26
21247,General Furnishings,General Furnishings Sub,2009-12-01,2.06,3.43
21248,General Furnishings,General Furnishings Sub,2009-12-01,2.06,3.43
21249,General Furnishings,General Furnishings Sub,2009-12-01,3.62,6.04
21250,General Furnishings,General Furnishings Sub,2009-12-03,3.62,6.04
21251,General Furnishings,General Furnishings Sub,2009-12-01,3.62,6.04
21252,General Furnishings,General Furnishings Sub,2009-12-01,3.62,6.04
21253,General Furnishings,General Furnishings Sub,2009-12-02,3.62,6.04
21255,Kitchen & Dining,Kitchen & Dining Sub,2009-12-01,2.06,3.43
21256,Kitchen & Dining,Kitchen & Dining Sub,2009-12-01,2.06,3.43
21257,Storage & Accessories,Storage & Accessories Sub,2009-12-01,9.89,16.48
21258,Storage & Accessories,Storage & Accessories Sub,2009-12-01,15.62,26.04
21259,Storage & Accessories,Storage & Accessories Sub,2009-12-01,7.8,13.0
21260,General Furnishings,General Furnishings Sub,2009-12-01,4.15,6.91
21261,Seasonal & Gifts,Seasonal & Gifts Sub,2009-12-04,18.23,30.39
21262,Seasonal & Gifts,Seasonal & Gifts Sub,2009-12-02,18.23,30.39
21263,General Furnishings,General Furnishings Sub,2010-09-13,5.97,9.95
21264,General Furnishings,General Furnishings Sub,2009-12-08,5.97,9.95
21265,General Furnishings,General Furnishings Sub,2009-12-06,5.97,9.95
21266,Seasonal & Gifts,Seasonal & Gifts Sub,2009-12-01,2.58,4.3
21267,Seasonal & Gifts,Seasonal & Gifts Sub,2009-12-02,2.58,4.3
21268,Seasonal & Gifts,Seasonal & Gifts Sub,2009-12-06,2.58,4.3
21269,General Furnishings,General Furnishings Sub,2009-12-08,10.19,16.98
21270,Kitchen & Dining,Kitchen & Dining Sub,2009-12-08,15.29,25.49
21272,General Furnishings,General Furnishings Sub,2009-12-01,1.54,2.57
21274,Seasonal & Gifts,Seasonal & Gifts Sub,2009-12-04,15.29,25.49
21275,General Furnishings,General Furnishings Sub,2009-12-08,20.4,34.0
21276,Seasonal & Gifts,Seasonal & Gifts Sub,2009-12-03,8.84,14.74
21277,Seasonal & Gifts,Seasonal & Gifts Sub,2009-12-08,25.51,42.51
21278,Seasonal & Gifts,Seasonal & Gifts Sub,2009-12-08,3.1,5.17
21279,Seasonal & Gifts,Seasonal & Gifts Sub,2009-12-02,3.1,5.17
21280,Seasonal & Gifts,Seasonal & Gifts Sub,2009-12-04,3.1,5.17
21281,Seasonal & Gifts,Seasonal & Gifts Sub,2009-12-02,3.1,5.17
21282,Home Decor & Lighting,Home Decor & Lighting Sub,2009-12-02,5.19,8.65
21283,Home Decor & Lighting,Home Decor & Lighting Sub,2009-12-01,4.15,6.91
21284,Home Decor & Lighting,Home Decor & Lighting Sub,2009-12-01,2.06,3.43
21285,Home Decor & Lighting,Home Decor & Lighting Sub,2009-12-03,2.58,4.3
21286,Home Decor & Lighting,Home Decor & Lighting Sub,2009-12-02,3.1,5.17
21287,Home Decor & Lighting,Home Decor & Lighting Sub,2009-12-04,1.51,2.51
21288,Storage & Accessories,Storage & Accessories Sub,2009-12-03,3.62,6.04
21289,Storage & Accessories,Storage & Accessories Sub,2009-12-08,1.54,2.57
21290,Storage & Accessories,Storage & Accessories Sub,2009-12-23,0.75,1.25
21291,Storage & Accessories,Storage & Accessories Sub,2009-12-01,1.02,1.7
21292,Storage & Accessories,Storage & Accessories Sub,2009-12-04,1.02,1.7
21293,Home Decor & Lighting,Home Decor & Lighting Sub,2009-12-03,2.58,4.3
21294,Kitchen & Dining,Kitchen & Dining Sub,2009-12-02,1.54,2.57
21298,General Furnishings,General Furnishings Sub,2009-12-14,21.57,35.95
21299,General Furnishings,General Furnishings Sub,2009-12-01,15.62,26.04
21300,General Furnishings,General Furnishings Sub,2009-12-05,62.58,104.3
21303,Home Decor & Lighting,Home Decor & Lighting Sub,2009-12-03,20.84,34.74
21304,Home Decor & Lighting,Home Decor & Lighting Sub,2009-12-02,15.29,25.49
21306,Home Decor & Lighting,Home Decor & Lighting Sub,2009-12-03,2.02,3.36
21307,Home Decor & Lighting,Home Decor & Lighting Sub,2009-12-01,2.06,3.43
21308,Home Decor & Lighting,Home Decor & Lighting Sub,2009-12-06,10.41,17.35
21309,General Furnishings,General Furnishings Sub,2009-12-08,5.97,9.95
21310,General Furnishings,General Furnishings Sub,2010-03-18,17.97,29.95
21311,Home Decor & Lighting,Home Decor & Lighting Sub,2009-12-03,2.06,3.43
21312,Kitchen & Dining,Kitchen & Dining Sub,2009-12-02,8.14,13.57
21313,Kitchen & Dining,Kitchen & Dining Sub,2009-12-01,1.02,1.7
21314,Kitchen & Dining,Kitchen & Dining Sub,2009-12-01,4.17,6.95
21316,Kitchen & Dining,Kitchen & Dining Sub,2009-12-03,3.55,5.91
21317,Kitchen & Dining,Kitchen & Dining Sub,2009-12-13,6.61,11.02
21318,Kitchen & Dining,Kitchen & Dining Sub,2009-12-13,2.06,3.43
21319,Kitchen & Dining,Kitchen & Dining Sub,2009-12-07,2.06,3.43
21320,Kitchen & Dining,Kitchen & Dining Sub,2009-12-01,3.1,5.17
21321,Kitchen & Dining,Kitchen & Dining Sub,2009-12-01,3.1,5.17
21322,Kitchen & Dining,Kitchen & Dining Sub,2009-12-09,8.4,14.0
21323,Home Decor & Lighting,Home Decor & Lighting Sub,2009-12-02,5.19,8.65
21324,Home Decor & Lighting,Home Decor & Lighting Sub,2009-12-03,3.62,6.04
21326,Kitchen & Dining,Kitchen & Dining Sub,2009-12-01,1.02,1.7
21327,General Furnishings,General Furnishings Sub,2009-12-02,2.06,3.43
21328,General Furnishings,General Furnishings Sub,2009-12-01,2.06,3.43
21329,General Furnishings,General Furnishings Sub,2009-12-01,2.06,3.43
21330,General Furnishings,General Furnishings Sub,2009-12-01,2.06,3.43
21331,General Furnishings,General Furnishings Sub,2009-12-06,15.29,25.49
21332,Home Decor & Lighting,Home Decor & Lighting Sub,2009-12-04,15.29,25.49
21333,General Furnishings,General Furnishings Sub,2009-12-01,3.62,6.04
21335,Home Decor & Lighting,Home Decor & Lighting Sub,2009-12-01,26.06,43.43
21336,Storage & Accessories,Storage & Accessories Sub,2009-12-04,3.62,6.04
21337,Storage & Accessories,Storage & Accessories Sub,2009-12-02,3.62,6.04
21338,Home Decor & Lighting,Home Decor & Lighting Sub,2009-12-05,7.8,13.0
21339,Home Decor & Lighting,Home Decor & Lighting Sub,2009-12-08,11.97,19.95
21340,Storage & Accessories,Storage & Accessories Sub,2009-12-02,15.62,26.04
21341,Kitchen & Dining,Kitchen & Dining Sub,2009-12-02,6.23,10.39
21343,Storage & Accessories,Storage & Accessories Sub,2009-12-09,10.17,16.95
21344,General Furnishings,General Furnishings Sub,2009-12-01,12.74,21.23
21347,Home Decor & Lighting,Home Decor & Lighting Sub,2009-12-02,3.57,5.95
21348,Storage & Accessories,Storage & Accessories Sub,2009-12-01,3.62,6.04
21349,Seasonal & Gifts,Seasonal & Gifts Sub,2009-12-01,8.32,13.87
21350,Seasonal & Gifts,Seasonal & Gifts Sub,2009-12-02,1.77,2.95
21351,General Furnishings,General Furnishings Sub,2009-12-01,8.32,13.87
21352,General Furnishings,General Furnishings Sub,2009-12-01,8.32,13.87
21353,General Furnishings,General Furnishings Sub,2009-12-01,10.41,17.35
21354,General Furnishings,General Furnishings Sub,2009-12-02,1.77,2.95
21355,General Furnishings,General Furnishings Sub,2009-12-01,1.54,2.57
21356,General Furnishings,General Furnishings Sub,2009-12-01,1.54,2.57
21357,General Furnishings,General Furnishings Sub,2009-12-01,1.54,2.57
21358,General Furnishings,General Furnishings Sub,2009-12-02,1.51,2.51
21359,General Furnishings,General Furnishings Sub,2009-12-02,20.4,34.0
21360,General Furnishings,General Furnishings Sub,2009-12-01,13.02,21.7
21361,General Furnishings,General Furnishings Sub,2010-02-11,15.29,25.49
21363,General Furnishings,General Furnishings Sub,2010-01-05,6.61,11.02
21364,General Furnishings,General Furnishings Sub,2009-12-01,8.32,13.87
21365,Home Decor & Lighting,Home Decor & Lighting Sub,2009-12-07,3.62,6.04
21366,Home Decor & Lighting,Home Decor & Lighting Sub,2009-12-10,5.19,8.65
21367,Home Decor & Lighting,Home Decor & Lighting Sub,2009-12-08,3.1,5.17
21368,Home Decor & Lighting,Home Decor & Lighting Sub,2009-12-08,3.1,5.17
21369,Home Decor & Lighting,Home Decor & Lighting Sub,2009-12-23,4.57,7.62
21370,Home Decor & Lighting,Home Decor & Lighting Sub,2009-12-06,7.8,13.0
21371,Home Decor & Lighting,Home Decor & Lighting Sub,2009-12-01,3.1,5.17
21372,Home Decor & Lighting,Home Decor & Lighting Sub,2009-12-02,3.62,6.04
21373,Home Decor & Lighting,Home Decor & Lighting Sub,2009-12-04,3.62,6.04
21374,Home Decor & Lighting,Home Decor & Lighting Sub,2009-12-18,4.67,7.78
21375,General Furnishings,General Furnishings Sub,2009-12-01,6.76,11.26
21376,General Furnishings,General Furnishings Sub,2009-12-06,6.76,11.26
21377,General Furnishings,General Furnishings Sub,2009-12-01,2.06,3.43
21378,General Furnishings,General Furnishings Sub,2009-12-07,2.06,3.43
21379,General Furnishings,General Furnishings Sub,2009-12-01,1.54,2.57
21380,General Furnishings,General Furnishings Sub,2009-12-03,3.62,6.04
21381,General Furnishings,General Furnishings Sub,2009-12-03,4.5,7.5
21382,General Furnishings,General Furnishings Sub,2010-05-16,3.55,5.91
21383,General Furnishings,General Furnishings Sub,2009-12-09,1.02,1.7
21384,General Furnishings,General Furnishings Sub,2009-12-02,1.17,1.95
21385,Seasonal & Gifts,Seasonal & Gifts Sub,2009-12-01,1.17,1.95
21386,General Furnishings,General Furnishings Sub,2010-01-11,1.0,1.66
21387,General Furnishings,General Furnishings Sub,2010-02-23,0.51,0.85
21388,General Furnishings,General Furnishings Sub,2009-12-02,1.17,1.95
21389,General Furnishings,General Furnishings Sub,2009-12-03,1.0,1.66
21390,Seasonal & Gifts,Seasonal & Gifts Sub,2009-12-02,1.77,2.95
21391,Seasonal & Gifts,Seasonal & Gifts Sub,2009-12-02,2.58,4.3
21392,Kitchen & Dining,Kitchen & Dining Sub,2009-12-03,2.58,4.3
21393,Kitchen & Dining,Kitchen & Dining Sub,2010-01-08,2.53,4.21
21394,General Furnishings,General Furnishings Sub,2010-01-26,2.53,4.21
21395,General Furnishings,General Furnishings Sub,2009-12-07,2.53,4.21
21396,Kitchen & Dining,Kitchen & Dining Sub,2009-12-01,2.06,3.43
21397,Kitchen & Dining,Kitchen & Dining Sub,2009-12-04,2.06,3.43
21398,Kitchen & Dining,Kitchen & Dining Sub,2009-12-01,2.58,4.3
21399,Kitchen & Dining,Kitchen & Dining Sub,2009-12-04,2.58,4.3
21400,General Furnishings,General Furnishings Sub,2009-12-07,0.51,0.85
21401,General Furnishings,General Furnishings Sub,2009-12-07,0.51,0.85
21402,General Furnishings,General Furnishings Sub,2009-12-03,0.51,0.85
21403,General Furnishings,General Furnishings Sub,2009-12-03,0.51,0.85
21406,General Furnishings,General Furnishings Sub,2009-12-14,5.19,8.65
21407,General Furnishings,General Furnishings Sub,2009-12-01,5.19,8.65
21408,General Furnishings,General Furnishings Sub,2009-12-02,5.19,8.65
21409,General Furnishings,General Furnishings Sub,2010-01-18,2.55,4.25
21410,General Furnishings,General Furnishings Sub,2009-12-01,5.19,8.65
21411,Seasonal & Gifts,Seasonal & Gifts Sub,2009-12-01,5.19,8.65
21412,Seasonal & Gifts,Seasonal & Gifts Sub,2009-12-01,2.58,4.3
21413,Storage & Accessories,Storage & Accessories Sub,2009-12-08,1.54,2.57
21414,General Furnishings,General Furnishings Sub,2009-12-07,2.58,4.3
21415,General Furnishings,General Furnishings Sub,2009-12-09,2.58,4.3
21416,General Furnishings,General Furnishings Sub,2009-12-13,4.57,7.62
21417,General Furnishings,General Furnishings Sub,2009-12-01,2.58,4.3
21418,Seasonal & Gifts,Seasonal & Gifts Sub,2009-12-06,3.1,5.17
21419,General Furnishings,General Furnishings Sub,2009-12-01,4.67,7.78
21420,Storage & Accessories,Storage & Accessories Sub,2010-01-04,4.06,6.77
21421,General Furnishings,General Furnishings Sub,2009-12-06,2.02,3.36
21422,General Furnishings,General Furnishings Sub,2009-12-03,1.02,1.7
21424,Storage & Accessories,Storage & Accessories Sub,2009-12-01,4.06,6.77
21425,Storage & Accessories,Storage & Accessories Sub,2009-12-02,4.06,6.77
21426,Storage & Accessories,Storage & Accessories Sub,2009-12-01,3.04,5.06
21427,Storage & Accessories,Storage & Accessories Sub,2009-12-03,3.04,5.06
21428,Storage & Accessories,Storage & Accessories Sub,2009-12-01,5.19,8.65
21429,Storage & Accessories,Storage & Accessories Sub,2009-12-01,2.48,4.13
21430,Storage & Accessories,Storage & Accessories Sub,2009-12-01,4.67,7.78
21431,Storage & Accessories,Storage & Accessories Sub,2009-12-01,2.06,3.43
21432,Storage & Accessories,Storage & Accessories Sub,2009-12-01,7.8,13.0
21437,General Furnishings,General Furnishings Sub,2009-12-08,4.57,7.62
21438,General Furnishings,General Furnishings Sub,2009-12-03,4.57,7.62
21439,Storage & Accessories,Storage & Accessories Sub,2009-12-01,1.54,2.57
21440,General Furnishings,General Furnishings Sub,2009-12-01,1.51,2.51
21441,General Furnishings,General Furnishings Sub,2009-12-13,1.02,1.7
21442,General Furnishings,General Furnishings Sub,2009-12-15,1.02,1.7
21443,General Furnishings,General Furnishings Sub,2009-12-04,4.67,7.78
21444,General Furnishings,General Furnishings Sub,2009-12-01,4.67,7.78
21445,General Furnishings,General Furnishings Sub,2009-12-01,1.54,2.57
21446,General Furnishings,General Furnishings Sub,2009-12-03,1.54,2.57
21447,General Furnishings,General Furnishings Sub,2009-12-03,1.54,2.57
21448,Storage & Accessories,Storage & Accessories Sub,2009-12-02,2.06,3.43
21450,Home Decor & Lighting,Home Decor & Lighting Sub,2009-12-03,3.57,5.95
21452,Storage & Accessories,Storage & Accessories Sub,2010-03-18,4.17,6.95
21454,General Furnishings,General Furnishings Sub,2010-01-11,1.02,1.7
21455,General Furnishings,General Furnishings Sub,2010-01-28,1.0,1.66
21456,General Furnishings,General Furnishings Sub,2009-12-04,1.51,2.51
21457,General Furnishings,General Furnishings Sub,2009-12-04,1.51,2.51
21458,General Furnishings,General Furnishings Sub,2009-12-04,1.51,2.51
21459,Seasonal & Gifts,Seasonal & Gifts Sub,2010-01-28,2.53,4.21
21460,Seasonal & Gifts,Seasonal & Gifts Sub,2010-01-29,2.53,4.21
21461,Seasonal & Gifts,Seasonal & Gifts Sub,2010-01-29,2.53,4.21
21462,General Furnishings,General Furnishings Sub,2009-12-04,8.14,13.57
21463,Home Decor & Lighting,Home Decor & Lighting Sub,2009-12-01,13.02,21.7
21464,General Furnishings,General Furnishings Sub,2009-12-02,2.55,4.25
21465,General Furnishings,General Furnishings Sub,2009-12-01,4.57,7.62
21466,General Furnishings,General Furnishings Sub,2009-12-01,4.67,7.78
21467,General Furnishings,General Furnishings Sub,2009-12-01,4.67,7.78
21468,General Furnishings,General Furnishings Sub,2009-12-02,4.67,7.78
21469,General Furnishings,General Furnishings Sub,2009-12-01,4.67,7.78
21470,General Furnishings,General Furnishings Sub,2009-12-01,4.67,7.78
21471,General Furnishings,General Furnishings Sub,2009-12-01,4.67,7.78
21472,General Furnishings,General Furnishings Sub,2009-12-01,4.67,7.78
21473,Seasonal & Gifts,Seasonal & Gifts Sub,2009-12-13,59.98,99.96
21474,Seasonal & Gifts,Seasonal & Gifts Sub,2010-01-21,11.97,19.95
21475,Seasonal & Gifts,Seasonal & Gifts Sub,2009-12-16,8.97,14.95
21476,Seasonal & Gifts,Seasonal & Gifts Sub,2010-01-19,35.72,59.53
21477,Home Decor & Lighting,Home Decor & Lighting Sub,2009-12-01,15.62,26.04
21478,Kitchen & Dining,Kitchen & Dining Sub,2009-12-01,4.67,7.78
21479,Kitchen & Dining,Kitchen & Dining Sub,2009-12-01,5.48,9.13
21480,Kitchen & Dining,Kitchen & Dining Sub,2009-12-01,3.62,6.04
21481,Kitchen & Dining,Kitchen & Dining Sub,2009-12-01,6.17,10.29
21482,Kitchen & Dining,Kitchen & Dining Sub,2009-12-01,3.62,6.04
21484,Kitchen & Dining,Kitchen & Dining Sub,2009-12-01,7.33,12.21
21485,Kitchen & Dining,Kitchen & Dining Sub,2009-12-01,7.33,12.21
21486,Kitchen & Dining,Kitchen & Dining Sub,2009-12-01,4.67,7.78
21488,Kitchen & Dining,Kitchen & Dining Sub,2009-12-01,5.19,8.65
21489,Kitchen & Dining,Kitchen & Dining Sub,2009-12-01,5.19,8.65
21490,General Furnishings,General Furnishings Sub,2009-12-01,2.58,4.3
21491,Seasonal & Gifts,Seasonal & Gifts Sub,2009-12-01,2.58,4.3
21493,Seasonal & Gifts,Seasonal & Gifts Sub,2009-12-01,1.02,1.7
21494,Storage & Accessories,Storage & Accessories Sub,2009-12-01,3.55,5.91
21495,General Furnishings,General Furnishings Sub,2009-12-01,0.25,0.42
21496,General Furnishings,General Furnishings Sub,2009-12-17,0.25,0.42
21497,General Furnishings,General Furnishings Sub,2009-12-01,0.25,0.42
21498,General Furnishings,General Furnishings Sub,2009-12-01,0.25,0.42
21499,General Furnishings,General Furnishings Sub,2009-12-01,0.25,0.42
21500,General Furnishings,General Furnishings Sub,2009-12-01,0.25,0.42
21503,Storage & Accessories,Storage & Accessories Sub,2009-12-16,0.25,0.42
21504,General Furnishings,General Furnishings Sub,2009-12-02,0.52,0.86
21506,General Furnishings,General Furnishings Sub,2009-12-01,0.6,1.0
21507,General Furnishings,General Furnishings Sub,2009-12-02,0.6,1.0
21508,Seasonal & Gifts,Seasonal & Gifts Sub,2009-12-01,0.6,1.0
21509,General Furnishings,General Furnishings Sub,2009-12-03,0.6,1.0
21511,Seasonal & Gifts,Seasonal & Gifts Sub,2010-04-13,0.25,0.42
21518,General Furnishings,General Furnishings Sub,2009-12-02,0.52,0.86
21519,General Furnishings,General Furnishings Sub,2009-12-01,0.6,1.0
21520,General Furnishings,General Furnishings Sub,2009-12-01,0.52,0.86
21523,General Furnishings,General Furnishings Sub,2009-12-01,10.19,16.98
21524,General Furnishings,General Furnishings Sub,2009-12-01,10.19,16.98
21525,General Furnishings,General Furnishings Sub,2009-12-18,4.05,6.75
21527,Kitchen & Dining,Kitchen & Dining Sub,2009-12-01,10.41,17.35
21528,Kitchen & Dining,Kitchen & Dining Sub,2009-12-01,8.32,13.87
21529,General Furnishings,General Furnishings Sub,2009-12-01,3.62,6.04
21530,General Furnishings,General Furnishings Sub,2009-12-01,3.62,6.04
21531,Kitchen & Dining,Kitchen & Dining Sub,2009-12-01,3.1,5.17
21532,Kitchen & Dining,Kitchen & Dining Sub,2009-12-01,2.58,4.3
21533,General Furnishings,General Furnishings Sub,2009-12-01,7.17,11.95
21534,General Furnishings,General Furnishings Sub,2009-12-01,6.23,10.39
21535,General Furnishings,General Furnishings Sub,2009-12-01,3.1,5.17
21536,General Furnishings,General Furnishings Sub,2009-12-03,2.58,4.3
21537,Kitchen & Dining,Kitchen & Dining Sub,2009-12-01,5.19,8.65
21538,Kitchen & Dining,Kitchen & Dining Sub,2009-12-01,4.67,7.78
21539,General Furnishings,General Furnishings Sub,2009-12-01,6.23,10.39
21540,General Furnishings,General Furnishings Sub,2009-12-01,5.19,8.65
21541,General Furnishings,General Furnishings Sub,2009-12-01,1.02,1.7
21542,General Furnishings,General Furnishings Sub,2009-12-01,1.02,1.7
21543,General Furnishings,General Furnishings Sub,2009-12-01,1.02,1.7
21544,General Furnishings,General Furnishings Sub,2009-12-01,1.02,1.7
21545,General Furnishings,General Furnishings Sub,2009-12-01,3.62,6.04
21547,General Furnishings,General Furnishings Sub,2009-12-01,3.62,6.04
21548,General Furnishings,General Furnishings Sub,2009-12-01,3.62,6.04
21549,General Furnishings,General Furnishings Sub,2009-12-01,3.62,6.04
21550,General Furnishings,General Furnishings Sub,2009-12-02,7.8,13.0
21551,General Furnishings,General Furnishings Sub,2009-12-02,7.8,13.0
21552,General Furnishings,General Furnishings Sub,2009-12-02,7.8,13.0
21553,General Furnishings,General Furnishings Sub,2009-12-01,7.8,13.0
21554,General Furnishings,General Furnishings Sub,2009-12-01,7.8,13.0
21555,General Furnishings,General Furnishings Sub,2009-12-02,3.1,5.17
21556,Storage & Accessories,Storage & Accessories Sub,2009-12-01,3.55,5.91
21557,General Furnishings,General Furnishings Sub,2009-12-01,3.62,6.04
21558,Storage & Accessories,Storage & Accessories Sub,2009-12-01,3.1,5.17
21559,Storage & Accessories,Storage & Accessories Sub,2009-12-01,3.1,5.17
21560,Storage & Accessories,Storage & Accessories Sub,2009-12-01,3.1,5.17
21561,Storage & Accessories,Storage & Accessories Sub,2009-12-01,3.1,5.17
21562,General Furnishings,General Furnishings Sub,2010-01-07,2.53,4.21
21563,Seasonal & Gifts,Seasonal & Gifts Sub,2009-12-02,3.62,6.04
21564,Seasonal & Gifts,Seasonal & Gifts Sub,2009-12-03,3.62,6.04
21576,Storage & Accessories,Storage & Accessories Sub,2009-12-01,3.1,5.17
21577,Storage & Accessories,Storage & Accessories Sub,2009-12-01,3.1,5.17
21578,Storage & Accessories,Storage & Accessories Sub,2009-12-01,3.1,5.17
21579,Storage & Accessories,Storage & Accessories Sub,2009-12-01,3.1,5.17
21580,Storage & Accessories,Storage & Accessories Sub,2009-12-01,3.1,5.17
21581,Storage & Accessories,Storage & Accessories Sub,2009-12-01,3.1,5.17
21582,General Furnishings,General Furnishings Sub,2009-12-01,0.99,1.65
21584,General Furnishings,General Furnishings Sub,2009-12-01,0.99,1.65
21585,General Furnishings,General Furnishings Sub,2010-08-01,0.99,1.65
21586,General Furnishings,General Furnishings Sub,2009-12-01,1.53,2.55
21587,General Furnishings,General Furnishings Sub,2009-12-01,1.53,2.55
21588,General Furnishings,General Furnishings Sub,2009-12-01,1.53,2.55
21589,General Furnishings,General Furnishings Sub,2009-12-01,1.53,2.55
21590,Storage & Accessories,Storage & Accessories Sub,2009-12-01,0.75,1.25
21591,Storage & Accessories,Storage & Accessories Sub,2009-12-01,1.77,2.95
21592,Storage & Accessories,Storage & Accessories Sub,2009-12-01,0.75,1.25
21593,Storage & Accessories,Storage & Accessories Sub,2009-12-01,0.75,1.25
21594,General Furnishings,General Furnishings Sub,2009-12-09,2.58,4.3
21595,General Furnishings,General Furnishings Sub,2009-12-02,5.19,8.65
21596,General Furnishings,General Furnishings Sub,2009-12-01,2.58,4.3
21609,Home Decor & Lighting,Home Decor & Lighting Sub,2009-12-02,3.55,5.91
21610,Home Decor & Lighting,Home Decor & Lighting Sub,2009-12-02,3.62,6.04
21611,Home Decor & Lighting,Home Decor & Lighting Sub,2009-12-01,3.62,6.04
21612,Home Decor & Lighting,Home Decor & Lighting Sub,2009-12-01,3.62,6.04
21613,Home Decor & Lighting,Home Decor & Lighting Sub,2009-12-02,3.62,6.04
21614,Home Decor & Lighting,Home Decor & Lighting Sub,2009-12-02,3.55,5.91
21615,Home Decor & Lighting,Home Decor & Lighting Sub,2009-12-01,4.48,7.46
21616,Home Decor & Lighting,Home Decor & Lighting Sub,2009-12-08,4.57,7.62
21617,Home Decor & Lighting,Home Decor & Lighting Sub,2009-12-02,4.48,7.46
21618,Home Decor & Lighting,Home Decor & Lighting Sub,2009-12-01,4.57,7.62
21619,Home Decor & Lighting,Home Decor & Lighting Sub,2009-12-01,4.57,7.62
21620,Home Decor & Lighting,Home Decor & Lighting Sub,2009-12-03,4.57,7.62
21621,Seasonal & Gifts,Seasonal & Gifts Sub,2009-12-01,11.97,19.95
21622,Seasonal & Gifts,Seasonal & Gifts Sub,2009-12-01,8.32,13.87
21623,Seasonal & Gifts,Seasonal & Gifts Sub,2010-02-28,12.23,20.38
21624,Seasonal & Gifts,Seasonal & Gifts Sub,2009-12-01,7.28,12.13
21625,Seasonal & Gifts,Seasonal & Gifts Sub,2009-12-01,8.84,14.74
21626,Seasonal & Gifts,Seasonal & Gifts Sub,2009-12-01,2.58,4.3
21627,General Furnishings,General Furnishings Sub,2009-12-04,18.26,30.43
21628,Seasonal & Gifts,Seasonal & Gifts Sub,2009-12-02,18.26,30.43
21629,Seasonal & Gifts,Seasonal & Gifts Sub,2009-12-03,9.89,16.48
21630,General Furnishings,General Furnishings Sub,2009-12-03,11.45,19.09
21631,General Furnishings,General Furnishings Sub,2009-12-09,15.29,25.49
21632,Seasonal & Gifts,Seasonal & Gifts Sub,2009-12-02,15.29,25.49
21633,General Furnishings,General Furnishings Sub,2009-12-04,15.62,26.04
21634,General Furnishings,General Furnishings Sub,2009-12-03,1.54,2.57
21635,General Furnishings,General Furnishings Sub,2009-12-04,4.67,7.78
21636,General Furnishings,General Furnishings Sub,2009-12-04,3.1,5.17
21637,General Furnishings,General Furnishings Sub,2009-12-01,1.54,2.57
21638,General Furnishings,General Furnishings Sub,2009-12-01,2.58,4.3
21639,General Furnishings,General Furnishings Sub,2009-12-01,1.02,1.7
21640,General Furnishings,General Furnishings Sub,2009-12-01,1.02,1.7
21641,General Furnishings,General Furnishings Sub,2009-12-02,1.02,1.7
21642,General Furnishings,General Furnishings Sub,2009-12-01,1.02,1.7
21643,Home Decor & Lighting,Home Decor & Lighting Sub,2009-12-01,1.54,2.57
21644,Storage & Accessories,Storage & Accessories Sub,2009-12-03,1.54,2.57
21645,Storage & Accessories,Storage & Accessories Sub,2009-12-02,2.06,3.43
21647,General Furnishings,General Furnishings Sub,2009-12-01,2.58,4.3
21648,General Furnishings,General Furnishings Sub,2009-12-01,1.54,2.57
21649,General Furnishings,General Furnishings Sub,2009-12-01,3.62,6.04
21650,General Furnishings,General Furnishings Sub,2009-12-01,1.02,1.7
21651,Kitchen & Dining,Kitchen & Dining Sub,2009-12-03,2.06,3.43
21652,Kitchen & Dining,Kitchen & Dining Sub,2009-12-06,2.53,4.21
21653,Kitchen & Dining,Kitchen & Dining Sub,2010-01-13,2.53,4.21
21654,Kitchen & Dining,Kitchen & Dining Sub,2009-12-03,2.06,3.43
21655,Kitchen & Dining,Kitchen & Dining Sub,2009-12-02,2.06,3.43
21656,Kitchen & Dining,Kitchen & Dining Sub,2009-12-03,2.06,3.43
21657,Kitchen & Dining,Kitchen & Dining Sub,2009-12-03,8.84,14.74
21658,Kitchen & Dining,Kitchen & Dining Sub,2009-12-01,5.19,8.65
21659,Kitchen & Dining,Kitchen & Dining Sub,2009-12-02,18.23,30.39
21661,Kitchen & Dining,Kitchen & Dining Sub,2009-12-04,7.28,12.13
21662,Kitchen & Dining,Kitchen & Dining Sub,2009-12-04,7.28,12.13
21663,Kitchen & Dining,Kitchen & Dining Sub,2009-12-02,7.28,12.13
21664,Kitchen & Dining,Kitchen & Dining Sub,2009-12-03,4.67,7.78
21665,Kitchen & Dining,Kitchen & Dining Sub,2009-12-02,1.02,1.7
21666,Kitchen & Dining,Kitchen & Dining Sub,2009-12-02,1.02,1.7
21667,Kitchen & Dining,Kitchen & Dining Sub,2009-12-03,20.84,34.74
21668,General Furnishings,General Furnishings Sub,2009-12-01,2.37,3.95
21669,General Furnishings,General Furnishings Sub,2009-12-01,2.37,3.95
21670,General Furnishings,General Furnishings Sub,2009-12-01,2.37,3.95
21671,General Furnishings,General Furnishings Sub,2009-12-01,2.37,3.95
21672,General Furnishings,General Furnishings Sub,2009-12-01,4.5,7.5
21673,General Furnishings,General Furnishings Sub,2009-12-01,2.37,3.95
21674,Kitchen & Dining,Kitchen & Dining Sub,2009-12-07,10.17,16.95
21675,General Furnishings,General Furnishings Sub,2009-12-02,1.02,1.7
21676,General Furnishings,General Furnishings Sub,2009-12-02,1.02,1.7
21677,Seasonal & Gifts,Seasonal & Gifts Sub,2009-12-01,1.02,1.7
21678,General Furnishings,General Furnishings Sub,2009-12-02,1.02,1.7
21679,General Furnishings,General Furnishings Sub,2009-12-01,1.02,1.7
21680,General Furnishings,General Furnishings Sub,2009-12-01,1.02,1.7
21681,Kitchen & Dining,Kitchen & Dining Sub,2009-12-02,12.23,20.38
21682,Kitchen & Dining,Kitchen & Dining Sub,2009-12-03,6.1,10.17
21683,Kitchen & Dining,Kitchen & Dining Sub,2009-12-02,3.62,6.04
21684,Kitchen & Dining,Kitchen & Dining Sub,2009-12-01,1.51,2.51
21685,General Furnishings,General Furnishings Sub,2009-12-01,8.97,14.95
21686,General Furnishings,General Furnishings Sub,2009-12-11,46.97,78.29
21687,Kitchen & Dining,Kitchen & Dining Sub,2009-12-01,5.19,8.65
21688,Kitchen & Dining,Kitchen & Dining Sub,2009-12-01,3.62,6.04
21689,Home Decor & Lighting,Home Decor & Lighting Sub,2009-12-07,5.08,8.47
21690,Home Decor & Lighting,Home Decor & Lighting Sub,2009-12-03,5.19,8.65
21691,Home Decor & Lighting,Home Decor & Lighting Sub,2009-12-01,5.19,8.65
21692,Home Decor & Lighting,Home Decor & Lighting Sub,2009-12-01,5.19,8.65
21693,Home Decor & Lighting,Home Decor & Lighting Sub,2009-12-03,3.62,6.04
21694,Home Decor & Lighting,Home Decor & Lighting Sub,2009-12-01,3.62,6.04
21695,Home Decor & Lighting,Home Decor & Lighting Sub,2009-12-02,3.62,6.04
21696,Home Decor & Lighting,Home Decor & Lighting Sub,2009-12-03,3.62,6.04
21697,General Furnishings,General Furnishings Sub,2009-12-07,1.01,1.69
21698,General Furnishings,General Furnishings Sub,2009-12-08,1.02,1.7
21699,General Furnishings,General Furnishings Sub,2009-12-15,1.01,1.69
21700,General Furnishings,General Furnishings Sub,2009-12-01,5.19,8.65
21702,Kitchen & Dining,Kitchen & Dining Sub,2009-12-15,1.01,1.69
21703,Storage & Accessories,Storage & Accessories Sub,2009-12-02,0.51,0.85
21704,Storage & Accessories,Storage & Accessories Sub,2009-12-01,1.02,1.7
21705,Storage & Accessories,Storage & Accessories Sub,2009-12-01,2.02,3.36
21706,General Furnishings,General Furnishings Sub,2009-12-01,6.23,10.39
21707,General Furnishings,General Furnishings Sub,2009-12-01,6.23,10.39
21708,General Furnishings,General Furnishings Sub,2009-12-01,6.23,10.39
21709,General Furnishings,General Furnishings Sub,2009-12-02,6.23,10.39
21710,General Furnishings,General Furnishings Sub,2009-12-01,6.23,10.39
21711,General Furnishings,General Furnishings Sub,2009-12-01,6.23,10.39
21713,Home Decor & Lighting,Home Decor & Lighting Sub,2009-12-08,2.58,4.3
21714,Home Decor & Lighting,Home Decor & Lighting Sub,2009-12-07,3.92,6.54
21715,Seasonal & Gifts,Seasonal & Gifts Sub,2009-12-13,4.17,6.95
21716,Seasonal & Gifts,Seasonal & Gifts Sub,2009-12-13,4.17,6.95
21717,General Furnishings,General Furnishings Sub,2009-12-02,3.1,5.17
21718,General Furnishings,General Furnishings Sub,2009-12-14,1.54,2.57
21719,General Furnishings,General Furnishings Sub,2009-12-01,1.02,1.7
21720,General Furnishings,General Furnishings Sub,2009-12-04,1.02,1.7
21721,General Furnishings,General Furnishings Sub,2009-12-01,1.02,1.7
21722,General Furnishings,General Furnishings Sub,2009-12-01,1.02,1.7
21723,Seasonal & Gifts,Seasonal & Gifts Sub,2009-12-02,1.02,1.7
21724,General Furnishings,General Furnishings Sub,2009-12-01,1.02,1.7
21725,General Furnishings,General Furnishings Sub,2009-12-01,1.02,1.7
21726,Seasonal & Gifts,Seasonal & Gifts Sub,2009-12-01,1.02,1.7
21728,Home Decor & Lighting,Home Decor & Lighting Sub,2009-12-03,15.62,26.04
21729,Home Decor & Lighting,Home Decor & Lighting Sub,2009-12-02,4.15,6.91
21730,Kitchen & Dining,Kitchen & Dining Sub,2009-12-01,6.23,10.39
21731,Home Decor & Lighting,Home Decor & Lighting Sub,2009-12-01,2.53,4.21
21732,Home Decor & Lighting,Home Decor & Lighting Sub,2009-12-01,4.67,7.78
21733,Storage & Accessories,Storage & Accessories Sub,2009-12-01,3.62,6.04
21734,Home Decor & Lighting,Home Decor & Lighting Sub,2009-12-02,4.67,7.78
21735,General Furnishings,General Furnishings Sub,2009-12-01,15.62,26.04
21736,Kitchen & Dining,Kitchen & Dining Sub,2009-12-04,2.58,4.3
21737,Storage & Accessories,Storage & Accessories Sub,2009-12-01,25.51,42.51
21738,General Furnishings,General Furnishings Sub,2009-12-01,3.62,6.04
21739,General Furnishings,General Furnishings Sub,2009-12-02,3.62,6.04
21740,General Furnishings,General Furnishings Sub,2009-12-01,3.62,6.04
21741,General Furnishings,General Furnishings Sub,2009-12-01,3.62,6.04
21742,General Furnishings,General Furnishings Sub,2009-12-01,7.63,12.72
21743,Home Decor & Lighting,Home Decor & Lighting Sub,2009-12-01,3.62,6.04
21744,Home Decor & Lighting,Home Decor & Lighting Sub,2009-12-01,3.62,6.04
21745,General Furnishings,General Furnishings Sub,2009-12-01,5.19,8.65
21746,General Furnishings,General Furnishings Sub,2009-12-01,1.77,2.95
21747,General Furnishings,General Furnishings Sub,2009-12-01,1.54,2.57
21749,General Furnishings,General Furnishings Sub,2009-12-09,2.58,4.3
21750,General Furnishings,General Furnishings Sub,2009-12-14,2.53,4.21
21752,Kitchen & Dining,Kitchen & Dining Sub,2009-12-02,18.23,30.39
21754,General Furnishings,General Furnishings Sub,2009-12-01,7.28,12.13
21755,General Furnishings,General Furnishings Sub,2009-12-01,7.48,12.46
21756,General Furnishings,General Furnishings Sub,2009-12-01,7.28,12.13
21757,Home Decor & Lighting,Home Decor & Lighting Sub,2009-12-08,6.23,10.39
21758,Seasonal & Gifts,Seasonal & Gifts Sub,2009-12-10,7.63,12.72
21759,General Furnishings,General Furnishings Sub,2010-01-13,61.28,102.13
21760,General Furnishings,General Furnishings Sub,2010-03-01,75.0,125.0
21761,Kitchen & Dining,Kitchen & Dining Sub,2009-12-01,17.97,29.95
21763,Seasonal & Gifts,Seasonal & Gifts Sub,2010-01-31,17.97,29.95
21764,Kitchen & Dining,Kitchen & Dining Sub,2009-12-08,23.97,39.95
21765,General Furnishings,General Furnishings Sub,2009-12-06,10.41,17.35
21767,General Furnishings,General Furnishings Sub,2009-12-01,17.97,29.95
21768,Seasonal & Gifts,Seasonal & Gifts Sub,2009-12-01,18.23,30.39
21769,Seasonal & Gifts,Seasonal & Gifts Sub,2009-12-03,47.97,79.95
21770,Seasonal & Gifts,Seasonal & Gifts Sub,2009-12-01,6.23,10.39
21772,Seasonal & Gifts,Seasonal & Gifts Sub,2010-01-05,7.65,12.75
21773,Kitchen & Dining,Kitchen & Dining Sub,2009-12-01,1.54,2.57
21774,Kitchen & Dining,Kitchen & Dining Sub,2009-12-03,1.54,2.57
21775,Kitchen & Dining,Kitchen & Dining Sub,2009-12-02,1.54,2.57
21777,Storage & Accessories,Storage & Accessories Sub,2009-12-01,10.41,17.35
21779,General Furnishings,General Furnishings Sub,2009-12-04,5.1,8.5
21780,General Furnishings,General Furnishings Sub,2009-12-08,18.23,30.39
21781,Storage & Accessories,Storage & Accessories Sub,2009-12-01,18.23,30.39
21784,Storage & Accessories,Storage & Accessories Sub,2009-12-01,13.02,21.7
21785,General Furnishings,General Furnishings Sub,2009-12-04,1.02,1.7
21786,General Furnishings,General Furnishings Sub,2009-12-01,0.51,0.85
21787,General Furnishings,General Furnishings Sub,2010-03-25,1.17,1.95
21788,General Furnishings,General Furnishings Sub,2009-12-01,1.02,1.7
21789,General Furnishings,General Furnishings Sub,2009-12-01,1.02,1.7
21790,Seasonal & Gifts,Seasonal & Gifts Sub,2009-12-01,1.17,1.95
21791,Seasonal & Gifts,Seasonal & Gifts Sub,2009-12-01,1.77,2.95
21792,Storage & Accessories,Storage & Accessories Sub,2010-01-20,8.14,13.57
21793,Storage & Accessories,Storage & Accessories Sub,2010-01-20,4.48,7.46
21794,Storage & Accessories,Storage & Accessories Sub,2010-01-27,8.14,13.57
21795,Storage & Accessories,Storage & Accessories Sub,2009-12-01,15.29,25.49
21796,Storage & Accessories,Storage & Accessories Sub,2009-12-01,7.65,12.75
21801,Seasonal & Gifts,Seasonal & Gifts Sub,2009-12-02,0.52,0.87
21802,Seasonal & Gifts,Seasonal & Gifts Sub,2009-12-02,0.52,0.87
21803,Seasonal & Gifts,Seasonal & Gifts Sub,2009-12-02,0.52,0.87
21804,Seasonal & Gifts,Seasonal & Gifts Sub,2009-12-01,4.67,7.78
21805,Seasonal & Gifts,Seasonal & Gifts Sub,2009-12-01,0.52,0.87
21806,Seasonal & Gifts,Seasonal & Gifts Sub,2009-12-01,0.52,0.87
21807,Seasonal & Gifts,Seasonal & Gifts Sub,2009-12-01,0.52,0.87
21808,Seasonal & Gifts,Seasonal & Gifts Sub,2009-12-01,4.67,7.78
21809,Seasonal & Gifts,Seasonal & Gifts Sub,2009-12-01,1.54,2.57
21810,Seasonal & Gifts,Seasonal & Gifts Sub,2009-12-02,1.54,2.57
21811,Seasonal & Gifts,Seasonal & Gifts Sub,2009-12-01,1.54,2.57
21812,Seasonal & Gifts,Seasonal & Gifts Sub,2009-12-01,6.23,10.39
21813,Seasonal & Gifts,Seasonal & Gifts Sub,2009-12-01,6.23,10.39
21814,Storage & Accessories,Storage & Accessories Sub,2009-12-01,1.82,3.04
21815,Storage & Accessories,Storage & Accessories Sub,2009-12-01,1.82,3.04
21816,Storage & Accessories,Storage & Accessories Sub,2009-12-01,1.82,3.04
21817,Seasonal & Gifts,Seasonal & Gifts Sub,2009-12-01,1.0,1.66
21818,Seasonal & Gifts,Seasonal & Gifts Sub,2009-12-01,1.02,1.7
21819,Seasonal & Gifts,Seasonal & Gifts Sub,2009-12-01,1.02,1.7
21820,Seasonal & Gifts,Seasonal & Gifts Sub,2009-12-01,4.67,7.78
21821,Seasonal & Gifts,Seasonal & Gifts Sub,2009-12-01,4.67,7.78
21822,Seasonal & Gifts,Seasonal & Gifts Sub,2009-12-01,2.58,4.3
21823,Seasonal & Gifts,Seasonal & Gifts Sub,2009-12-02,1.82,3.04
21824,Seasonal & Gifts,Seasonal & Gifts Sub,2009-12-02,1.82,3.04
21825,General Furnishings,General Furnishings Sub,2009-12-01,1.82,3.04
21826,General Furnishings,General Furnishings Sub,2009-12-01,1.54,2.57
21827,General Furnishings,General Furnishings Sub,2009-12-01,1.54,2.57
21828,General Furnishings,General Furnishings Sub,2009-12-01,1.54,2.57
21829,General Furnishings,General Furnishings Sub,2009-12-01,0.26,0.43
21830,General Furnishings,General Furnishings Sub,2009-12-04,0.52,0.87
21832,General Furnishings,General Furnishings Sub,2009-12-01,2.06,3.43
21833,General Furnishings,General Furnishings Sub,2009-12-01,2.06,3.43
21836,Seasonal & Gifts,Seasonal & Gifts Sub,2009-12-07,4.67,7.78
21837,General Furnishings,General Furnishings Sub,2009-12-01,8.84,14.74
21838,General Furnishings,General Furnishings Sub,2009-12-02,3.27,5.45
21839,General Furnishings,General Furnishings Sub,2009-12-01,6.61,11.02
21841,General Furnishings,General Furnishings Sub,2009-12-01,5.19,8.65
21842,Seasonal & Gifts,Seasonal & Gifts Sub,2009-12-01,3.1,5.17
21843,General Furnishings,General Furnishings Sub,2009-12-01,13.02,21.7
21844,Kitchen & Dining,Kitchen & Dining Sub,2009-12-01,3.62,6.04
21845,Kitchen & Dining,Kitchen & Dining Sub,2009-12-09,3.62,6.04
21846,Storage & Accessories,Storage & Accessories Sub,2009-12-02,4.97,8.29
21847,Storage & Accessories,Storage & Accessories Sub,2009-12-08,4.97,8.29
21849,Storage & Accessories,Storage & Accessories Sub,2009-12-02,4.97,8.29
21850,Storage & Accessories,Storage & Accessories Sub,2009-12-10,4.97,8.29
21851,Storage & Accessories,Storage & Accessories Sub,2009-12-02,4.97,8.29
21852,General Furnishings,General Furnishings Sub,2009-12-04,4.17,6.95
21853,General Furnishings,General Furnishings Sub,2009-12-02,3.1,5.17
21854,Seasonal & Gifts,Seasonal & Gifts Sub,2009-12-04,3.1,5.17
21857,Seasonal & Gifts,Seasonal & Gifts Sub,2010-01-11,3.1,5.17
21858,General Furnishings,General Furnishings Sub,2009-12-10,3.1,5.17
21860,General Furnishings,General Furnishings Sub,2009-12-02,3.1,5.17
21864,General Furnishings,General Furnishings Sub,2009-12-01,2.97,4.95
21865,General Furnishings,General Furnishings Sub,2009-12-01,2.97,4.95
21866,General Furnishings,General Furnishings Sub,2009-12-01,2.02,3.36
21867,General Furnishings,General Furnishings Sub,2009-12-01,1.77,2.95
21868,Kitchen & Dining,Kitchen & Dining Sub,2009-12-01,2.06,3.43
21869,Kitchen & Dining,Kitchen & Dining Sub,2009-12-01,2.06,3.43
21870,Kitchen & Dining,Kitchen & Dining Sub,2009-12-01,2.06,3.43
21871,Kitchen & Dining,Kitchen & Dining Sub,2009-12-01,2.37,3.95
21872,Kitchen & Dining,Kitchen & Dining Sub,2009-12-02,2.06,3.43
21873,Kitchen & Dining,Kitchen & Dining Sub,2009-12-02,2.06,3.43
21874,Kitchen & Dining,Kitchen & Dining Sub,2009-12-02,2.06,3.43
21875,Kitchen & Dining,Kitchen & Dining Sub,2009-12-01,2.06,3.43
21876,Kitchen & Dining,Kitchen & Dining Sub,2009-12-01,2.06,3.43
21877,Kitchen & Dining,Kitchen & Dining Sub,2009-12-01,2.37,3.95
21878,General Furnishings,General Furnishings Sub,2010-03-25,1.0,1.66
21879,Seasonal & Gifts,Seasonal & Gifts Sub,2009-12-04,1.02,1.7
21880,General Furnishings,General Furnishings Sub,2009-12-02,1.02,1.7
21881,General Furnishings,General Furnishings Sub,2009-12-02,1.02,1.7
21882,General Furnishings,General Furnishings Sub,2009-12-02,1.02,1.7
21883,Seasonal & Gifts,Seasonal & Gifts Sub,2009-12-01,1.02,1.7
21884,General Furnishings,General Furnishings Sub,2009-12-02,1.02,1.7
21888,General Furnishings,General Furnishings Sub,2009-12-01,4.67,7.78
21889,Storage & Accessories,Storage & Accessories Sub,2009-12-01,2.02,3.36
21890,Storage & Accessories,Storage & Accessories Sub,2009-12-01,3.62,6.04
21891,General Furnishings,General Furnishings Sub,2009-12-01,1.54,2.57
21892,Kitchen & Dining,Kitchen & Dining Sub,2009-12-01,1.54,2.57
21893,General Furnishings,General Furnishings Sub,2009-12-01,5.19,8.65
21894,General Furnishings,General Furnishings Sub,2009-12-02,1.54,2.57
21895,General Furnishings,General Furnishings Sub,2009-12-01,5.19,8.65
21896,General Furnishings,General Furnishings Sub,2009-12-01,2.58,4.3
21897,Home Decor & Lighting,Home Decor & Lighting Sub,2009-12-01,3.62,6.04
21898,Home Decor & Lighting,Home Decor & Lighting Sub,2009-12-01,3.55,5.91
21899,Seasonal & Gifts,Seasonal & Gifts Sub,2009-12-01,1.02,1.7
21900,General Furnishings,General Furnishings Sub,2009-12-01,1.02,1.7
21901,General Furnishings,General Furnishings Sub,2009-12-01,1.02,1.7
21902,General Furnishings,General Furnishings Sub,2009-12-01,1.02,1.7
21903,Seasonal & Gifts,Seasonal & Gifts Sub,2009-12-03,2.58,4.3
21904,Seasonal & Gifts,Seasonal & Gifts Sub,2009-12-08,2.58,4.3
21905,Seasonal & Gifts,Seasonal & Gifts Sub,2009-12-06,2.53,4.21
21906,General Furnishings,General Furnishings Sub,2009-12-06,8.14,13.57
21907,Seasonal & Gifts,Seasonal & Gifts Sub,2010-01-29,2.53,4.21
21908,Seasonal & Gifts,Seasonal & Gifts Sub,2009-12-01,2.58,4.3
21910,Seasonal & Gifts,Seasonal & Gifts Sub,2009-12-03,2.02,3.36
21911,Seasonal & Gifts,Seasonal & Gifts Sub,2009-12-01,2.37,3.95
21912,Seasonal & Gifts,Seasonal & Gifts Sub,2009-12-01,4.67,7.78
21913,Seasonal & Gifts,Seasonal & Gifts Sub,2009-12-01,4.67,7.78
21914,Storage & Accessories,Storage & Accessories Sub,2009-12-01,3.62,6.04
21915,Storage & Accessories,Storage & Accessories Sub,2009-12-04,1.77,2.95
21916,General Furnishings,General Furnishings Sub,2009-12-01,0.6,1.0
21917,General Furnishings,General Furnishings Sub,2009-12-01,0.51,0.85
21918,General Furnishings,General Furnishings Sub,2009-12-01,0.51,0.85
21919,General Furnishings,General Furnishings Sub,2009-12-14,3.1,5.17
21922,General Furnishings,General Furnishings Sub,2010-04-11,10.19,16.98
21923,General Furnishings,General Furnishings Sub,2009-12-03,10.41,17.35
21924,General Furnishings,General Furnishings Sub,2009-12-02,10.41,17.35
21925,General Furnishings,General Furnishings Sub,2010-04-11,3.55,5.91
21926,General Furnishings,General Furnishings Sub,2010-04-11,3.55,5.91
21927,General Furnishings,General Furnishings Sub,2010-04-11,3.55,5.91
21928,Storage & Accessories,Storage & Accessories Sub,2009-12-01,3.04,5.06
21929,Storage & Accessories,Storage & Accessories Sub,2009-12-01,3.04,5.06
21930,Storage & Accessories,Storage & Accessories Sub,2009-12-01,3.04,5.06
21931,Storage & Accessories,Storage & Accessories Sub,2009-12-01,3.04,5.06
21932,Storage & Accessories,Storage & Accessories Sub,2009-12-02,4.17,6.95
21933,Storage & Accessories,Storage & Accessories Sub,2009-12-02,4.17,6.95
21934,Storage & Accessories,Storage & Accessories Sub,2009-12-01,2.53,4.21
21935,Storage & Accessories,Storage & Accessories Sub,2009-12-01,2.53,4.21
21936,Storage & Accessories,Storage & Accessories Sub,2009-12-02,3.62,6.04
21937,Storage & Accessories,Storage & Accessories Sub,2009-12-02,3.62,6.04
21942,Seasonal & Gifts,Seasonal & Gifts Sub,2009-12-01,1.02,1.7
21943,Seasonal & Gifts,Seasonal & Gifts Sub,2009-12-07,1.02,1.7
21944,Seasonal & Gifts,Seasonal & Gifts Sub,2009-12-02,1.02,1.7
21945,Seasonal & Gifts,Seasonal & Gifts Sub,2009-12-01,1.02,1.7
21946,Seasonal & Gifts,Seasonal & Gifts Sub,2009-12-07,1.02,1.7
21947,Seasonal & Gifts,Seasonal & Gifts Sub,2009-12-01,1.54,2.57
21948,General Furnishings,General Furnishings Sub,2009-12-01,1.54,2.57
21949,General Furnishings,General Furnishings Sub,2009-12-01,1.54,2.57
21950,General Furnishings,General Furnishings Sub,2009-12-03,1.54,2.57
21955,General Furnishings,General Furnishings Sub,2009-12-01,10.19,16.98
21967,General Furnishings,General Furnishings Sub,2009-12-01,0.51,0.85
21972,General Furnishings,General Furnishings Sub,2009-12-02,2.3,3.83
21973,General Furnishings,General Furnishings Sub,2009-12-02,1.82,3.04
21974,General Furnishings,General Furnishings Sub,2009-12-02,2.3,3.83
21975,Storage & Accessories,Storage & Accessories Sub,2009-12-01,0.78,1.3
21976,Storage & Accessories,Storage & Accessories Sub,2009-12-01,1.28,2.13
21977,Storage & Accessories,Storage & Accessories Sub,2009-12-01,1.28,2.13
21980,General Furnishings,General Furnishings Sub,2009-12-01,0.6,1.0
21981,General Furnishings,General Furnishings Sub,2009-12-02,0.51,0.85
21982,General Furnishings,General Furnishings Sub,2009-12-07,0.6,1.0
21983,General Furnishings,General Furnishings Sub,2009-12-02,0.51,0.85
21984,General Furnishings,General Furnishings Sub,2009-12-02,0.51,0.85
21985,Seasonal & Gifts,Seasonal & Gifts Sub,2009-12-01,0.51,0.85
21986,General Furnishings,General Furnishings Sub,2009-12-01,0.6,1.0
21987,Kitchen & Dining,Kitchen & Dining Sub,2009-12-01,1.0,1.66
21988,Kitchen & Dining,Kitchen & Dining Sub,2009-12-06,1.02,1.7
21989,General Furnishings,General Furnishings Sub,2009-12-01,1.51,2.51
21990,General Furnishings,General Furnishings Sub,2009-12-01,3.62,6.04
21991,General Furnishings,General Furnishings Sub,2009-12-02,3.62,6.04
21992,Seasonal & Gifts,Seasonal & Gifts Sub,2009-12-02,3.62,6.04
21993,General Furnishings,General Furnishings Sub,2009-12-01,3.62,6.04
22016,General Furnishings,General Furnishings Sub,2011-08-02,50.0,83.33
22021,Storage & Accessories,Storage & Accessories Sub,2009-12-14,2.37,3.95
22023,General Furnishings,General Furnishings Sub,2009-12-01,0.52,0.86
22024,General Furnishings,General Furnishings Sub,2009-12-01,0.52,0.86
22025,General Furnishings,General Furnishings Sub,2009-12-01,0.52,0.86
22026,General Furnishings,General Furnishings Sub,2009-12-01,0.52,0.86
22027,Kitchen & Dining,Kitchen & Dining Sub,2009-12-01,0.6,1.0
22028,General Furnishings,General Furnishings Sub,2009-12-01,0.52,0.86
22029,General Furnishings,General Furnishings Sub,2009-12-01,0.6,1.0
22030,General Furnishings,General Furnishings Sub,2009-12-01,0.52,0.86
22031,General Furnishings,General Furnishings Sub,2009-12-01,0.51,0.85
22032,General Furnishings,General Furnishings Sub,2009-12-03,0.51,0.85
22033,General Furnishings,General Furnishings Sub,2009-12-03,0.51,0.85
22034,Seasonal & Gifts,Seasonal & Gifts Sub,2009-12-01,0.52,0.86
22035,Seasonal & Gifts,Seasonal & Gifts Sub,2009-12-01,0.52,0.86
22036,General Furnishings,General Furnishings Sub,2009-12-01,0.52,0.86
22037,General Furnishings,General Furnishings Sub,2009-12-01,0.52,0.86
22038,General Furnishings,General Furnishings Sub,2009-12-22,0.25,0.42
22039,General Furnishings,General Furnishings Sub,2009-12-22,0.25,0.42
22040,General Furnishings,General Furnishings Sub,2009-12-04,0.25,0.42
22041,General Furnishings,General Furnishings Sub,2009-12-01,3.47,5.79
22042,Seasonal & Gifts,Seasonal & Gifts Sub,2009-12-01,0.52,0.86
22043,Seasonal & Gifts,Seasonal & Gifts Sub,2009-12-06,0.26,0.43
22044,Seasonal & Gifts,Seasonal & Gifts Sub,2009-12-01,0.52,0.86
22045,General Furnishings,General Furnishings Sub,2009-12-04,0.25,0.42
22046,Kitchen & Dining,Kitchen & Dining Sub,2009-12-02,0.25,0.42
22047,General Furnishings,General Furnishings Sub,2009-12-02,0.25,0.42
22048,General Furnishings,General Furnishings Sub,2009-12-04,0.25,0.42
22049,Seasonal & Gifts,Seasonal & Gifts Sub,2009-12-02,0.25,0.42
22050,General Furnishings,General Furnishings Sub,2009-12-04,0.25,0.42
22051,General Furnishings,General Furnishings Sub,2009-12-01,0.25,0.42
22052,Seasonal & Gifts,Seasonal & Gifts Sub,2009-12-04,0.25,0.42
22053,Seasonal & Gifts,Seasonal & Gifts Sub,2009-12-03,1.54,2.57
22054,Seasonal & Gifts,Seasonal & Gifts Sub,2009-12-01,2.06,3.43
22055,General Furnishings,General Furnishings Sub,2009-12-01,2.06,3.43
22056,Kitchen & Dining,Kitchen & Dining Sub,2009-12-08,2.06,3.43
22057,Kitchen & Dining,Kitchen & Dining Sub,2009-12-03,2.06,3.43
22058,Kitchen & Dining,Kitchen & Dining Sub,2009-12-01,2.06,3.43
22059,Kitchen & Dining,Kitchen & Dining Sub,2009-12-03,2.06,3.43
22060,Seasonal & Gifts,Seasonal & Gifts Sub,2009-12-04,13.02,21.7
22061,General Furnishings,General Furnishings Sub,2009-12-02,13.02,21.7
22062,Kitchen & Dining,Kitchen & Dining Sub,2009-12-01,3.62,6.04
22063,Kitchen & Dining,Kitchen & Dining Sub,2009-12-01,3.62,6.04
22064,General Furnishings,General Furnishings Sub,2009-12-01,2.06,3.43
22065,Seasonal & Gifts,Seasonal & Gifts Sub,2009-12-01,2.06,3.43
22066,Seasonal & Gifts,Seasonal & Gifts Sub,2009-12-04,2.06,3.43
22067,General Furnishings,General Furnishings Sub,2009-12-02,2.06,3.43
22068,General Furnishings,General Furnishings Sub,2009-12-01,2.53,4.21
22069,General Furnishings,General Furnishings Sub,2009-12-01,2.53,4.21
22070,Kitchen & Dining,Kitchen & Dining Sub,2009-12-01,4.67,7.78
22071,Kitchen & Dining,Kitchen & Dining Sub,2009-12-01,4.67,7.78
22072,Kitchen & Dining,Kitchen & Dining Sub,2009-12-01,4.67,7.78
22073,Storage & Accessories,Storage & Accessories Sub,2009-12-01,4.67,7.78
22074,General Furnishings,General Furnishings Sub,2009-12-03,2.53,4.21
22075,Seasonal & Gifts,Seasonal & Gifts Sub,2009-12-01,2.53,4.21
22076,General Furnishings,General Furnishings Sub,2009-12-01,2.53,4.21
22077,General Furnishings,General Furnishings Sub,2009-12-01,2.97,4.95
22078,Seasonal & Gifts,Seasonal & Gifts Sub,2009-12-02,2.89,4.81
22079,Seasonal & Gifts,Seasonal & Gifts Sub,2009-12-01,2.53,4.21
22080,Seasonal & Gifts,Seasonal & Gifts Sub,2009-12-01,2.53,4.21
22081,General Furnishings,General Furnishings Sub,2009-12-01,2.53,4.21
22082,Seasonal & Gifts,Seasonal & Gifts Sub,2009-12-01,2.53,4.21
22083,General Furnishings,General Furnishings Sub,2009-12-01,4.17,6.95
22084,General Furnishings,General Furnishings Sub,2009-12-02,4.17,6.95
22085,General Furnishings,General Furnishings Sub,2009-12-01,4.06,6.77
22086,Seasonal & Gifts,Seasonal & Gifts Sub,2009-12-01,4.17,6.95
22087,General Furnishings,General Furnishings Sub,2009-12-01,4.17,6.95
22088,General Furnishings,General Furnishings Sub,2009-12-01,4.06,6.77
22089,Seasonal & Gifts,Seasonal & Gifts Sub,2009-12-01,4.06,6.77
22090,General Furnishings,General Furnishings Sub,2009-12-01,4.17,6.95
22091,Storage & Accessories,Storage & Accessories Sub,2009-12-01,1.54,2.57
22092,Storage & Accessories,Storage & Accessories Sub,2009-12-18,1.51,2.51
22093,Storage & Accessories,Storage & Accessories Sub,2009-12-01,1.54,2.57
22094,Storage & Accessories,Storage & Accessories Sub,2009-12-02,1.54,2.57
22095,Storage & Accessories,Storage & Accessories Sub,2009-12-02,1.54,2.57
22096,Storage & Accessories,Storage & Accessories Sub,2009-12-02,1.54,2.57
22097,Storage & Accessories,Storage & Accessories Sub,2009-12-02,1.54,2.57
22098,Storage & Accessories,Storage & Accessories Sub,2009-12-03,1.54,2.57
22099,Storage & Accessories,Storage & Accessories Sub,2009-12-02,1.54,2.57
22100,Storage & Accessories,Storage & Accessories Sub,2009-12-02,1.54,2.57
22101,Storage & Accessories,Storage & Accessories Sub,2009-12-01,2.53,4.21
22102,Storage & Accessories,Storage & Accessories Sub,2009-12-01,2.02,3.36
22103,Storage & Accessories,Storage & Accessories Sub,2009-12-01,2.06,3.43
22104,Kitchen & Dining,Kitchen & Dining Sub,2009-12-08,2.06,3.43
22105,Storage & Accessories,Storage & Accessories Sub,2009-12-07,5.08,8.47
22106,Home Decor & Lighting,Home Decor & Lighting Sub,2010-01-15,8.14,13.57
22107,Kitchen & Dining,Kitchen & Dining Sub,2009-12-01,4.67,7.78
22108,Kitchen & Dining,Kitchen & Dining Sub,2009-12-01,4.67,7.78
22109,Kitchen & Dining,Kitchen & Dining Sub,2009-12-01,4.67,7.78
22110,Kitchen & Dining,Kitchen & Dining Sub,2009-12-01,6.75,11.25
22111,Kitchen & Dining,Kitchen & Dining Sub,2009-12-01,10.0,16.67
22112,Kitchen & Dining,Kitchen & Dining Sub,2009-12-01,10.0,16.67
22113,Kitchen & Dining,Kitchen & Dining Sub,2009-12-01,7.5,12.5
22114,Kitchen & Dining,Kitchen & Dining Sub,2009-12-01,5.97,9.95
22115,Kitchen & Dining,Kitchen & Dining Sub,2009-12-01,3.62,6.04
22116,Seasonal & Gifts,Seasonal & Gifts Sub,2009-12-01,3.55,5.91
22117,Seasonal & Gifts,Seasonal & Gifts Sub,2009-12-01,3.62,6.04
22118,General Furnishings,General Furnishings Sub,2009-12-01,7.28,12.13
22119,General Furnishings,General Furnishings Sub,2009-12-01,8.84,14.74
22120,General Furnishings,General Furnishings Sub,2009-12-01,12.5,20.83
22121,General Furnishings,General Furnishings Sub,2009-12-01,7.28,12.13
22122,Kitchen & Dining,Kitchen & Dining Sub,2009-12-01,3.62,6.04
22123,General Furnishings,General Furnishings Sub,2009-12-02,7.8,13.0
22124,Kitchen & Dining,Kitchen & Dining Sub,2009-12-07,3.62,6.04
22125,Kitchen & Dining,Kitchen & Dining Sub,2009-12-01,7.8,13.0
22127,Seasonal & Gifts,Seasonal & Gifts Sub,2009-12-01,7.63,12.72
22128,Seasonal & Gifts,Seasonal & Gifts Sub,2009-12-01,7.63,12.72
22129,Seasonal & Gifts,Seasonal & Gifts Sub,2009-12-02,5.08,8.47
22130,Seasonal & Gifts,Seasonal & Gifts Sub,2009-12-01,5.19,8.65
22131,Seasonal & Gifts,Seasonal & Gifts Sub,2009-12-01,2.58,4.3
22132,Kitchen & Dining,Kitchen & Dining Sub,2009-12-01,1.02,1.7
22133,Kitchen & Dining,Kitchen & Dining Sub,2009-12-01,1.02,1.7
22134,Seasonal & Gifts,Seasonal & Gifts Sub,2009-12-01,0.52,0.87
22135,Seasonal & Gifts,Seasonal & Gifts Sub,2009-12-01,0.52,0.87
22136,Seasonal & Gifts,Seasonal & Gifts Sub,2009-12-01,2.06,3.43
22137,Seasonal & Gifts,Seasonal & Gifts Sub,2009-12-14,3.62,6.04
22138,General Furnishings,General Furnishings Sub,2009-12-01,6.76,11.26
22139,Kitchen & Dining,Kitchen & Dining Sub,2009-12-01,6.76,11.26
22141,Seasonal & Gifts,Seasonal & Gifts Sub,2009-12-01,2.97,4.95
22142,Seasonal & Gifts,Seasonal & Gifts Sub,2009-12-01,2.37,3.95
22143,Seasonal & Gifts,Seasonal & Gifts Sub,2009-12-01,2.58,4.3
22144,Seasonal & Gifts,Seasonal & Gifts Sub,2009-12-01,2.97,4.95
22145,Seasonal & Gifts,Seasonal & Gifts Sub,2009-12-01,2.58,4.3
22146,General Furnishings,General Furnishings Sub,2009-12-04,2.97,4.95
22147,Seasonal & Gifts,Seasonal & Gifts Sub,2009-12-01,2.53,4.21
22148,General Furnishings,General Furnishings Sub,2009-12-02,2.97,4.95
22149,General Furnishings,General Furnishings Sub,2009-12-01,3.04,5.06
22150,General Furnishings,General Furnishings Sub,2009-12-01,3.04,5.06
22151,Seasonal & Gifts,Seasonal & Gifts Sub,2009-12-01,1.51,2.51
22152,Seasonal & Gifts,Seasonal & Gifts Sub,2009-12-01,1.02,1.7
22153,Seasonal & Gifts,Seasonal & Gifts Sub,2009-12-01,0.52,0.87
22154,General Furnishings,General Furnishings Sub,2009-12-01,0.52,0.87
22155,Seasonal & Gifts,Seasonal & Gifts Sub,2009-12-01,0.52,0.87
22156,Seasonal & Gifts,Seasonal & Gifts Sub,2009-12-01,1.02,1.7
22157,General Furnishings,General Furnishings Sub,2009-12-02,1.0,1.66
22158,Seasonal & Gifts,Seasonal & Gifts Sub,2009-12-03,4.17,6.95
22161,Seasonal & Gifts,Seasonal & Gifts Sub,2009-12-07,1.02,1.7
22162,Seasonal & Gifts,Seasonal & Gifts Sub,2009-12-01,3.62,6.04
22163,Storage & Accessories,Storage & Accessories Sub,2009-12-01,3.62,6.04
22164,Storage & Accessories,Storage & Accessories Sub,2009-12-03,3.62,6.04
22165,Home Decor & Lighting,Home Decor & Lighting Sub,2009-12-01,15.62,26.04
22166,Home Decor & Lighting,Home Decor & Lighting Sub,2009-12-01,9.89,16.48
22167,Home Decor & Lighting,Home Decor & Lighting Sub,2009-12-01,12.5,20.83
22168,General Furnishings,General Furnishings Sub,2009-12-08,10.19,16.98
22169,General Furnishings,General Furnishings Sub,2009-12-01,10.41,17.35
22170,General Furnishings,General Furnishings Sub,2009-12-02,8.32,13.87
22171,General Furnishings,General Furnishings Sub,2009-12-01,10.41,17.35
22172,General Furnishings,General Furnishings Sub,2009-12-01,10.41,17.35
22173,Kitchen & Dining,Kitchen & Dining Sub,2009-12-01,3.62,6.04
22174,General Furnishings,General Furnishings Sub,2009-12-01,2.53,4.21
22175,General Furnishings,General Furnishings Sub,2009-12-02,3.62,6.04
22176,General Furnishings,General Furnishings Sub,2009-12-02,3.62,6.04
22177,General Furnishings,General Furnishings Sub,2009-12-01,13.02,21.7
22178,Kitchen & Dining,Kitchen & Dining Sub,2009-12-01,1.77,2.95
22179,Home Decor & Lighting,Home Decor & Lighting Sub,2009-12-01,8.32,13.87
22180,Home Decor & Lighting,Home Decor & Lighting Sub,2009-12-01,13.02,21.7
22181,General Furnishings,General Furnishings Sub,2009-12-02,1.02,1.7
22182,General Furnishings,General Furnishings Sub,2009-12-02,6.1,10.17
22183,General Furnishings,General Furnishings Sub,2009-12-02,8.32,13.87
22184,General Furnishings,General Furnishings Sub,2009-12-02,10.41,17.35
22185,General Furnishings,General Furnishings Sub,2009-12-01,2.37,3.95
22186,Storage & Accessories,Storage & Accessories Sub,2009-12-01,3.62,6.04
22187,Storage & Accessories,Storage & Accessories Sub,2009-12-01,5.19,8.65
22188,Storage & Accessories,Storage & Accessories Sub,2009-12-14,5.19,8.65
22189,Storage & Accessories,Storage & Accessories Sub,2009-12-01,5.19,8.65
22190,Kitchen & Dining,Kitchen & Dining Sub,2009-12-01,2.58,4.3
22191,Home Decor & Lighting,Home Decor & Lighting Sub,2009-12-01,10.19,16.98
22192,Home Decor & Lighting,Home Decor & Lighting Sub,2009-12-01,10.41,17.35
22193,Home Decor & Lighting,Home Decor & Lighting Sub,2009-12-01,10.41,17.35
22194,Home Decor & Lighting,Home Decor & Lighting Sub,2009-12-01,10.19,16.98
22195,Seasonal & Gifts,Seasonal & Gifts Sub,2009-12-01,2.06,3.43
22196,Seasonal & Gifts,Seasonal & Gifts Sub,2009-12-01,1.02,1.7
22197,Storage & Accessories,Storage & Accessories Sub,2009-12-01,1.48,2.46
22198,Storage & Accessories,Storage & Accessories Sub,2009-12-01,2.37,3.95
22199,General Furnishings,General Furnishings Sub,2009-12-01,5.19,8.65
22200,General Furnishings,General Furnishings Sub,2009-12-01,5.19,8.65
22201,General Furnishings,General Furnishings Sub,2009-12-01,5.19,8.65
22202,General Furnishings,General Furnishings Sub,2009-12-02,4.67,7.78
22203,General Furnishings,General Furnishings Sub,2009-12-01,4.67,7.78
22204,General Furnishings,General Furnishings Sub,2009-12-03,4.67,7.78
22206,Kitchen & Dining,Kitchen & Dining Sub,2010-06-07,0.51,0.85
22207,General Furnishings,General Furnishings Sub,2009-12-01,5.19,8.65
22208,General Furnishings,General Furnishings Sub,2009-12-01,2.06,3.43
22209,General Furnishings,General Furnishings Sub,2009-12-03,2.06,3.43
22210,General Furnishings,General Furnishings Sub,2009-12-02,2.06,3.43
22211,General Furnishings,General Furnishings Sub,2009-12-01,2.06,3.43
22212,General Furnishings,General Furnishings Sub,2009-12-01,2.58,4.3
22214,Kitchen & Dining,Kitchen & Dining Sub,2009-12-01,3.1,5.17
22215,General Furnishings,General Furnishings Sub,2009-12-01,10.41,17.35
22216,Storage & Accessories,Storage & Accessories Sub,2009-12-02,1.02,1.7
22217,Storage & Accessories,Storage & Accessories Sub,2009-12-09,1.54,2.57
22218,General Furnishings,General Furnishings Sub,2009-12-01,5.19,8.65
22219,General Furnishings,General Furnishings Sub,2009-12-01,1.02,1.7
22220,General Furnishings,General Furnishings Sub,2009-12-02,12.5,20.83
22221,General Furnishings,General Furnishings Sub,2009-12-17,12.5,20.83
22222,Kitchen & Dining,Kitchen & Dining Sub,2009-12-01,6.23,10.39
22223,Kitchen & Dining,Kitchen & Dining Sub,2009-12-04,6.23,10.39
22224,Home Decor & Lighting,Home Decor & Lighting Sub,2009-12-01,3.62,6.04
22227,Home Decor & Lighting,Home Decor & Lighting Sub,2009-12-02,0.78,1.3
22228,General Furnishings,General Furnishings Sub,2009-12-03,1.02,1.7
22229,General Furnishings,General Furnishings Sub,2009-12-04,1.0,1.66
22230,General Furnishings,General Furnishings Sub,2009-12-02,1.02,1.7
22231,General Furnishings,General Furnishings Sub,2009-12-01,2.06,3.43
22232,General Furnishings,General Furnishings Sub,2009-12-01,2.06,3.43
22233,General Furnishings,General Furnishings Sub,2009-12-09,2.02,3.36
22236,General Furnishings,General Furnishings Sub,2009-12-10,15.62,26.04
22241,General Furnishings,General Furnishings Sub,2009-12-01,1.77,2.95
22242,General Furnishings,General Furnishings Sub,2009-12-10,2.06,3.43
22243,General Furnishings,General Furnishings Sub,2009-12-13,2.37,3.95
22244,General Furnishings,General Furnishings Sub,2009-12-09,2.58,4.3
22245,General Furnishings,General Furnishings Sub,2009-12-09,1.02,1.7
22246,General Furnishings,General Furnishings Sub,2009-12-01,2.58,4.3
22247,General Furnishings,General Furnishings Sub,2009-12-13,1.0,1.66
22248,General Furnishings,General Furnishings Sub,2009-12-02,1.02,1.7
22249,General Furnishings,General Furnishings Sub,2009-12-13,1.02,1.7
22250,General Furnishings,General Furnishings Sub,2009-12-13,1.02,1.7
22251,General Furnishings,General Furnishings Sub,2009-12-17,1.54,2.57
22252,General Furnishings,General Furnishings Sub,2009-12-10,1.53,2.55
22253,General Furnishings,General Furnishings Sub,2009-12-01,1.54,2.57
22254,General Furnishings,General Furnishings Sub,2009-12-01,1.54,2.57
22255,General Furnishings,General Furnishings Sub,2009-12-01,1.02,1.7
22256,General Furnishings,General Furnishings Sub,2009-12-07,1.54,2.57
22257,General Furnishings,General Furnishings Sub,2010-01-21,1.51,2.51
22258,General Furnishings,General Furnishings Sub,2009-12-04,1.51,2.51
22259,General Furnishings,General Furnishings Sub,2010-01-24,1.51,2.51
22260,General Furnishings,General Furnishings Sub,2009-12-02,1.17,1.95
22261,General Furnishings,General Furnishings Sub,2009-12-01,1.17,1.95
22262,General Furnishings,General Furnishings Sub,2009-12-01,1.02,1.7
22263,General Furnishings,General Furnishings Sub,2009-12-06,1.02,1.7
22264,General Furnishings,General Furnishings Sub,2009-12-14,1.02,1.7
22265,General Furnishings,General Furnishings Sub,2009-12-02,0.78,1.3
22266,General Furnishings,General Furnishings Sub,2009-12-17,0.77,1.28
22267,General Furnishings,General Furnishings Sub,2009-12-07,1.51,2.51
22268,General Furnishings,General Furnishings Sub,2009-12-13,1.0,1.66
22269,Kitchen & Dining,Kitchen & Dining Sub,2009-12-02,1.54,2.57
22270,General Furnishings,General Furnishings Sub,2009-12-03,4.57,7.62
22271,General Furnishings,General Furnishings Sub,2009-12-01,3.62,6.04
22272,General Furnishings,General Furnishings Sub,2009-12-01,3.62,6.04
22273,General Furnishings,General Furnishings Sub,2009-12-01,3.62,6.04
22274,General Furnishings,General Furnishings Sub,2009-12-01,3.62,6.04
22275,Storage & Accessories,Storage & Accessories Sub,2009-12-01,10.41,17.35
22276,Storage & Accessories,Storage & Accessories Sub,2009-12-01,3.62,6.04
22277,Storage & Accessories,Storage & Accessories Sub,2009-12-01,2.58,4.3
22278,Storage & Accessories,Storage & Accessories Sub,2009-12-02,6.76,11.26
22279,Storage & Accessories,Storage & Accessories Sub,2009-12-02,2.53,4.21
22280,Storage & Accessories,Storage & Accessories Sub,2009-12-01,2.53,4.21
22281,General Furnishings,General Furnishings Sub,2009-12-01,7.8,13.0
22282,General Furnishings,General Furnishings Sub,2009-12-01,15.62,26.04
22283,General Furnishings,General Furnishings Sub,2009-12-01,11.37,18.95
22284,General Furnishings,General Furnishings Sub,2009-12-03,2.02,3.36
22285,General Furnishings,General Furnishings Sub,2009-12-06,2.06,3.43
22286,General Furnishings,General Furnishings Sub,2009-12-01,2.06,3.43
22287,General Furnishings,General Furnishings Sub,2009-12-03,2.02,3.36
22288,General Furnishings,General Furnishings Sub,2009-12-01,1.54,2.57
22289,General Furnishings,General Furnishings Sub,2009-12-01,1.54,2.57
22290,General Furnishings,General Furnishings Sub,2009-12-09,2.58,4.3
22291,General Furnishings,General Furnishings Sub,2009-12-03,1.79,2.98
22292,General Furnishings,General Furnishings Sub,2009-12-03,1.79,2.98
22293,General Furnishings,General Furnishings Sub,2009-12-02,1.82,3.04
22294,Seasonal & Gifts,Seasonal & Gifts Sub,2009-12-01,1.54,2.57
22295,Seasonal & Gifts,Seasonal & Gifts Sub,2009-12-01,2.37,3.95
22296,Seasonal & Gifts,Seasonal & Gifts Sub,2009-12-01,2.37,3.95
22297,Seasonal & Gifts,Seasonal & Gifts Sub,2009-12-01,1.54,2.57
22299,Home Decor & Lighting,Home Decor & Lighting Sub,2009-12-03,1.54,2.57
22300,Kitchen & Dining,Kitchen & Dining Sub,2009-12-01,3.1,5.17
22301,Kitchen & Dining,Kitchen & Dining Sub,2009-12-01,3.1,5.17
22302,Kitchen & Dining,Kitchen & Dining Sub,2009-12-01,3.1,5.17
22303,Kitchen & Dining,Kitchen & Dining Sub,2009-12-01,3.1,5.17
22304,Kitchen & Dining,Kitchen & Dining Sub,2009-12-01,3.1,5.17
22305,Kitchen & Dining,Kitchen & Dining Sub,2009-12-01,3.1,5.17
22306,Kitchen & Dining,Kitchen & Dining Sub,2009-12-09,5.19,8.65
22307,Kitchen & Dining,Kitchen & Dining Sub,2009-12-07,5.19,8.65
22308,Kitchen & Dining,Kitchen & Dining Sub,2009-12-01,3.1,5.17
22309,Kitchen & Dining,Kitchen & Dining Sub,2009-12-02,3.1,5.17
22310,Kitchen & Dining,Kitchen & Dining Sub,2009-12-03,2.06,3.43
22311,Kitchen & Dining,Kitchen & Dining Sub,2009-12-01,5.19,8.65
22312,Kitchen & Dining,Kitchen & Dining Sub,2009-12-01,5.19,8.65
22313,Kitchen & Dining,Kitchen & Dining Sub,2009-12-02,5.19,8.65
22314,Kitchen & Dining,Kitchen & Dining Sub,2009-12-02,5.19,8.65
22315,General Furnishings,General Furnishings Sub,2009-12-01,1.54,2.57
22316,General Furnishings,General Furnishings Sub,2009-12-09,1.51,2.51
22317,General Furnishings,General Furnishings Sub,2009-12-04,3.62,6.04
22318,Seasonal & Gifts,Seasonal & Gifts Sub,2009-12-01,3.62,6.04
22319,General Furnishings,General Furnishings Sub,2009-12-01,2.58,4.3
22320,Seasonal & Gifts,Seasonal & Gifts Sub,2009-12-01,7.28,12.13
22321,General Furnishings,General Furnishings Sub,2009-12-01,1.02,1.7
22322,General Furnishings,General Furnishings Sub,2009-12-02,1.02,1.7
22323,Storage & Accessories,Storage & Accessories Sub,2009-12-03,6.23,10.39
22324,Storage & Accessories,Storage & Accessories Sub,2009-12-01,6.23,10.39
22325,Seasonal & Gifts,Seasonal & Gifts Sub,2009-12-01,7.12,11.87
22326,Storage & Accessories,Storage & Accessories Sub,2010-01-07,4.17,6.95
22327,Storage & Accessories,Storage & Accessories Sub,2010-01-10,4.06,6.77
22328,Storage & Accessories,Storage & Accessories Sub,2010-01-07,4.17,6.95
22329,General Furnishings,General Furnishings Sub,2010-01-10,2.02,3.36
22330,General Furnishings,General Furnishings Sub,2009-12-01,1.82,3.04
22331,Storage & Accessories,Storage & Accessories Sub,2009-12-02,2.37,3.95
22332,Storage & Accessories,Storage & Accessories Sub,2009-12-03,2.06,3.43
22333,Storage & Accessories,Storage & Accessories Sub,2009-12-01,2.06,3.43
22334,Storage & Accessories,Storage & Accessories Sub,2009-12-03,2.63,4.38
22335,Seasonal & Gifts,Seasonal & Gifts Sub,2009-12-01,0.78,1.3
22336,General Furnishings,General Furnishings Sub,2009-12-01,0.78,1.3
22337,General Furnishings,General Furnishings Sub,2009-12-01,0.78,1.3
22338,Seasonal & Gifts,Seasonal & Gifts Sub,2009-12-01,0.78,1.3
22339,Seasonal & Gifts,Seasonal & Gifts Sub,2009-12-02,0.78,1.3
22340,General Furnishings,General Furnishings Sub,2009-12-01,2.06,3.43
22341,General Furnishings,General Furnishings Sub,2009-12-02,2.06,3.43
22342,General Furnishings,General Furnishings Sub,2009-12-02,2.06,3.43
22343,Seasonal & Gifts,Seasonal & Gifts Sub,2009-12-02,1.02,1.7
22344,Seasonal & Gifts,Seasonal & Gifts Sub,2009-12-02,1.02,1.7
22345,Seasonal & Gifts,Seasonal & Gifts Sub,2009-12-02,1.02,1.7
22346,Seasonal & Gifts,Seasonal & Gifts Sub,2009-12-02,1.02,1.7
22347,General Furnishings,General Furnishings Sub,2009-12-01,1.54,2.57
22348,Kitchen & Dining,Kitchen & Dining Sub,2009-12-01,1.17,1.95
22349,Kitchen & Dining,Kitchen & Dining Sub,2009-12-01,5.37,8.95
22350,Kitchen & Dining,Kitchen & Dining Sub,2009-12-01,3.57,5.95
22351,Kitchen & Dining,Kitchen & Dining Sub,2010-08-26,2.02,3.36
22352,Storage & Accessories,Storage & Accessories Sub,2009-12-01,3.1,5.17
22353,Storage & Accessories,Storage & Accessories Sub,2009-12-01,3.57,5.95
22354,General Furnishings,General Furnishings Sub,2009-12-02,4.67,7.78
22355,Storage & Accessories,Storage & Accessories Sub,2009-12-01,3.38,5.63
22356,Storage & Accessories,Storage & Accessories Sub,2009-12-01,3.38,5.63
22357,General Furnishings,General Furnishings Sub,2010-01-07,5.08,8.47
22358,Kitchen & Dining,Kitchen & Dining Sub,2010-01-06,3.55,5.91
22359,Kitchen & Dining,Kitchen & Dining Sub,2010-03-16,3.55,5.91
22360,Kitchen & Dining,Kitchen & Dining Sub,2009-12-13,4.17,6.95
22361,Kitchen & Dining,Kitchen & Dining Sub,2010-03-15,4.17,6.95
22362,Kitchen & Dining,Kitchen & Dining Sub,2010-03-15,3.55,5.91
22363,Kitchen & Dining,Kitchen & Dining Sub,2010-03-15,3.55,5.91
22364,Kitchen & Dining,Kitchen & Dining Sub,2010-03-15,4.17,6.95
22365,General Furnishings,General Furnishings Sub,2010-01-04,9.47,15.79
22366,General Furnishings,General Furnishings Sub,2010-01-04,9.47,15.79
22367,Seasonal & Gifts,Seasonal & Gifts Sub,2010-01-10,3.04,5.06
22371,Storage & Accessories,Storage & Accessories Sub,2010-02-12,7.63,12.72
22372,Storage & Accessories,Storage & Accessories Sub,2010-02-11,7.63,12.72
22374,Storage & Accessories,Storage & Accessories Sub,2010-02-14,7.63,12.72
22375,Storage & Accessories,Storage & Accessories Sub,2010-02-14,8.14,13.57
22376,Storage & Accessories,Storage & Accessories Sub,2010-02-14,7.63,12.72
22377,Kitchen & Dining,Kitchen & Dining Sub,2010-01-26,3.04,5.06
22378,General Furnishings,General Furnishings Sub,2010-01-25,3.04,5.06
22379,Storage & Accessories,Storage & Accessories Sub,2010-01-25,3.04,5.06
22380,General Furnishings,General Furnishings Sub,2010-01-22,3.04,5.06
22381,General Furnishings,General Furnishings Sub,2010-01-24,3.04,5.06
22382,Storage & Accessories,Storage & Accessories Sub,2010-01-22,5.0,8.33
22383,Storage & Accessories,Storage & Accessories Sub,2010-01-22,5.0,8.33
22384,Storage & Accessories,Storage & Accessories Sub,2010-01-25,3.04,5.06
22385,Storage & Accessories,Storage & Accessories Sub,2010-01-29,3.04,5.06
22386,Storage & Accessories,Storage & Accessories Sub,2010-01-29,3.04,5.06
22389,General Furnishings,General Furnishings Sub,2010-03-30,3.04,5.06
22390,General Furnishings,General Furnishings Sub,2010-03-26,3.04,5.06
22391,General Furnishings,General Furnishings Sub,2010-03-30,3.04,5.06
22393,Seasonal & Gifts,Seasonal & Gifts Sub,2010-03-26,3.04,5.06
22394,General Furnishings,General Furnishings Sub,2010-04-06,3.04,5.06
22395,Seasonal & Gifts,Seasonal & Gifts Sub,2010-04-13,3.04,5.06
22396,General Furnishings,General Furnishings Sub,2010-03-26,1.51,2.51
22398,General Furnishings,General Furnishings Sub,2010-03-26,1.51,2.51
22399,General Furnishings,General Furnishings Sub,2010-03-26,1.51,2.51
22400,General Furnishings,General Furnishings Sub,2010-03-30,1.51,2.51
22402,Seasonal & Gifts,Seasonal & Gifts Sub,2010-03-26,1.51,2.51
22403,Seasonal & Gifts,Seasonal & Gifts Sub,2010-03-29,1.51,2.51
22405,Storage & Accessories,Storage & Accessories Sub,2010-03-26,1.51,2.51
22406,Storage & Accessories,Storage & Accessories Sub,2010-03-26,1.77,2.95
22407,Storage & Accessories,Storage & Accessories Sub,2010-03-26,1.51,2.51
22408,Storage & Accessories,Storage & Accessories Sub,2010-03-26,1.51,2.51
22409,Storage & Accessories,Storage & Accessories Sub,2010-03-26,1.51,2.51
22410,Storage & Accessories,Storage & Accessories Sub,2010-03-26,1.51,2.51
22411,Seasonal & Gifts,Seasonal & Gifts Sub,2010-01-29,3.04,5.06
22412,Seasonal & Gifts,Seasonal & Gifts Sub,2010-01-29,2.53,4.21
22413,Seasonal & Gifts,Seasonal & Gifts Sub,2010-01-29,3.55,5.91
22414,General Furnishings,General Furnishings Sub,2010-01-10,9.47,15.79
22415,General Furnishings,General Furnishings Sub,2009-12-01,4.77,7.95
22416,Seasonal & Gifts,Seasonal & Gifts Sub,2010-02-03,1.79,2.98
22417,Storage & Accessories,Storage & Accessories Sub,2010-01-31,1.28,2.13
22418,General Furnishings,General Furnishings Sub,2010-05-06,1.51,2.51
22419,General Furnishings,General Furnishings Sub,2010-05-07,0.51,0.85
22420,General Furnishings,General Furnishings Sub,2010-05-07,0.6,1.0
22421,General Furnishings,General Furnishings Sub,2010-05-06,0.6,1.0
22422,General Furnishings,General Furnishings Sub,2010-05-07,0.77,1.28
22423,General Furnishings,General Furnishings Sub,2010-03-15,19.22,32.04
22424,General Furnishings,General Furnishings Sub,2010-05-16,15.29,25.49
22425,General Furnishings,General Furnishings Sub,2010-05-16,6.1,10.17
22426,Kitchen & Dining,Kitchen & Dining Sub,2010-04-08,5.08,8.47
22427,General Furnishings,General Furnishings Sub,2010-05-14,7.12,11.87
22428,General Furnishings,General Furnishings Sub,2010-04-08,8.66,14.43
22429,General Furnishings,General Furnishings Sub,2010-03-18,5.08,8.47
22430,General Furnishings,General Furnishings Sub,2010-05-14,6.1,10.17
22431,General Furnishings,General Furnishings Sub,2010-02-22,2.97,4.95
22432,General Furnishings,General Furnishings Sub,2010-02-18,2.97,4.95
22433,General Furnishings,General Furnishings Sub,2010-02-18,2.53,4.21
22434,General Furnishings,General Furnishings Sub,2010-04-07,2.53,4.21
22435,Seasonal & Gifts,Seasonal & Gifts Sub,2010-04-08,1.51,2.51
22436,Seasonal & Gifts,Seasonal & Gifts Sub,2010-04-07,0.77,1.28
22437,General Furnishings,General Furnishings Sub,2010-04-07,1.0,1.66
22438,General Furnishings,General Furnishings Sub,2010-04-11,2.53,4.21
22439,General Furnishings,General Furnishings Sub,2010-04-08,0.77,1.28
22440,General Furnishings,General Furnishings Sub,2010-04-11,0.6,1.0
22441,Kitchen & Dining,Kitchen & Dining Sub,2010-03-23,2.97,4.95
22442,General Furnishings,General Furnishings Sub,2010-03-23,9.68,16.13
22443,General Furnishings,General Furnishings Sub,2010-03-23,9.68,16.13
22444,General Furnishings,General Furnishings Sub,2010-03-23,5.98,9.96
22445,Storage & Accessories,Storage & Accessories Sub,2010-03-17,3.55,5.91
22446,General Furnishings,General Furnishings Sub,2010-03-18,4.06,6.77
22447,General Furnishings,General Furnishings Sub,2010-03-23,4.06,6.77
22448,General Furnishings,General Furnishings Sub,2010-03-18,4.06,6.77
22449,General Furnishings,General Furnishings Sub,2010-03-17,4.06,6.77
22450,General Furnishings,General Furnishings Sub,2010-03-17,4.06,6.77
22451,General Furnishings,General Furnishings Sub,2010-03-17,4.06,6.77
22452,General Furnishings,General Furnishings Sub,2010-03-21,3.55,5.91
22453,General Furnishings,General Furnishings Sub,2010-03-21,3.55,5.91
22454,General Furnishings,General Furnishings Sub,2010-03-19,3.55,5.91
22456,General Furnishings,General Furnishings Sub,2010-03-04,7.17,11.95
22457,Seasonal & Gifts,Seasonal & Gifts Sub,2010-03-04,4.17,6.95
22458,General Furnishings,General Furnishings Sub,2010-03-04,3.57,5.95
22459,General Furnishings,General Furnishings Sub,2010-03-04,3.57,5.95
22460,Kitchen & Dining,Kitchen & Dining Sub,2010-03-08,1.51,2.51
22461,Home Decor & Lighting,Home Decor & Lighting Sub,2010-03-07,15.29,25.49
22464,Home Decor & Lighting,Home Decor & Lighting Sub,2010-03-04,2.37,3.95
22465,Home Decor & Lighting,Home Decor & Lighting Sub,2010-03-04,2.02,3.36
22466,Home Decor & Lighting,Home Decor & Lighting Sub,2010-03-05,2.97,4.95
22467,General Furnishings,General Furnishings Sub,2010-03-04,3.04,5.06
22468,Home Decor & Lighting,Home Decor & Lighting Sub,2010-03-08,8.14,13.57
22469,Seasonal & Gifts,Seasonal & Gifts Sub,2010-04-22,2.53,4.21
22470,Seasonal & Gifts,Seasonal & Gifts Sub,2010-04-22,4.17,6.95
22471,General Furnishings,General Furnishings Sub,2010-03-11,6.61,11.02
22472,General Furnishings,General Furnishings Sub,2010-03-08,6.61,11.02
22473,Seasonal & Gifts,Seasonal & Gifts Sub,2010-03-11,6.61,11.02
22474,General Furnishings,General Furnishings Sub,2010-03-08,6.61,11.02
22475,Seasonal & Gifts,Seasonal & Gifts Sub,2010-03-05,6.61,11.02
22476,General Furnishings,General Furnishings Sub,2010-03-07,6.61,11.02
22477,General Furnishings,General Furnishings Sub,2010-03-05,1.77,2.95
22478,General Furnishings,General Furnishings Sub,2010-03-05,1.77,2.95
22479,General Furnishings,General Furnishings Sub,2010-03-05,1.77,2.95
22480,Kitchen & Dining,Kitchen & Dining Sub,2010-03-05,1.51,2.51
22481,Kitchen & Dining,Kitchen & Dining Sub,2010-03-07,1.51,2.51
22482,Kitchen & Dining,Kitchen & Dining Sub,2010-03-05,1.48,2.46
22483,General Furnishings,General Furnishings Sub,2010-03-04,4.17,6.95
22485,General Furnishings,General Furnishings Sub,2010-03-05,15.29,25.49
22486,Home Decor & Lighting,Home Decor & Lighting Sub,2010-03-08,7.65,12.75
22487,General Furnishings,General Furnishings Sub,2010-03-05,12.23,20.38
22488,General Furnishings,General Furnishings Sub,2010-03-05,2.37,3.95
22489,General Furnishings,General Furnishings Sub,2010-03-02,1.0,1.66
22491,General Furnishings,General Furnishings Sub,2010-05-06,1.51,2.51
22492,Seasonal & Gifts,Seasonal & Gifts Sub,2010-05-06,1.17,1.95
22493,General Furnishings,General Furnishings Sub,2010-05-07,2.02,3.36
22494,General Furnishings,General Furnishings Sub,2010-01-29,1.51,2.51
22495,General Furnishings,General Furnishings Sub,2010-01-29,4.17,6.95
22496,General Furnishings,General Furnishings Sub,2010-01-29,4.17,6.95
22497,Seasonal & Gifts,Seasonal & Gifts Sub,2010-01-31,5.08,8.47
22498,General Furnishings,General Furnishings Sub,2010-02-03,8.14,13.57
22499,General Furnishings,General Furnishings Sub,2010-02-02,8.14,13.57
22500,General Furnishings,General Furnishings Sub,2010-01-31,7.63,12.72
22501,Storage & Accessories,Storage & Accessories Sub,2010-05-21,12.74,21.23
22502,Storage & Accessories,Storage & Accessories Sub,2010-05-23,389.7,649.5
22503,Storage & Accessories,Storage & Accessories Sub,2010-04-30,35.72,59.53
22504,Storage & Accessories,Storage & Accessories Sub,2010-05-04,35.72,59.53
22505,Seasonal & Gifts,Seasonal & Gifts Sub,2010-03-10,7.77,12.95
22507,Seasonal & Gifts,Seasonal & Gifts Sub,2010-03-11,6.61,11.02
22508,Seasonal & Gifts,Seasonal & Gifts Sub,2010-03-11,4.57,7.62
22509,Storage & Accessories,Storage & Accessories Sub,2010-03-10,20.42,34.04
22510,General Furnishings,General Furnishings Sub,2010-03-12,4.57,7.62
22511,General Furnishings,General Furnishings Sub,2010-03-12,4.57,7.62
22512,Seasonal & Gifts,Seasonal & Gifts Sub,2010-03-12,4.57,7.62
22513,Seasonal & Gifts,Seasonal & Gifts Sub,2010-03-14,4.57,7.62
22514,General Furnishings,General Furnishings Sub,2010-03-28,2.53,4.21
22515,General Furnishings,General Furnishings Sub,2010-03-28,2.53,4.21
22516,General Furnishings,General Furnishings Sub,2010-03-28,2.53,4.21
22517,General Furnishings,General Furnishings Sub,2010-03-26,2.53,4.21
22518,General Furnishings,General Furnishings Sub,2010-03-25,2.97,4.95
22519,General Furnishings,General Furnishings Sub,2010-03-25,2.97,4.95
22520,General Furnishings,General Furnishings Sub,2010-03-25,1.17,1.95
22521,General Furnishings,General Furnishings Sub,2010-03-25,1.17,1.95
22522,General Furnishings,General Furnishings Sub,2010-03-25,1.17,1.95
22523,General Furnishings,General Furnishings Sub,2010-03-25,1.17,1.95
22524,General Furnishings,General Furnishings Sub,2010-03-25,2.02,3.36
22525,General Furnishings,General Furnishings Sub,2010-03-25,2.02,3.36
22526,General Furnishings,General Furnishings Sub,2010-03-26,15.29,25.49
22528,General Furnishings,General Furnishings Sub,2010-03-26,2.02,3.36
22529,General Furnishings,General Furnishings Sub,2010-03-28,0.51,0.85
22530,General Furnishings,General Furnishings Sub,2010-03-28,0.6,1.0
22531,General Furnishings,General Furnishings Sub,2010-03-31,0.6,1.0
22532,General Furnishings,General Furnishings Sub,2010-03-28,0.51,0.85
22533,General Furnishings,General Furnishings Sub,2010-03-28,0.6,1.0
22534,General Furnishings,General Furnishings Sub,2010-03-28,0.6,1.0
22535,General Furnishings,General Furnishings Sub,2010-03-25,0.6,1.0
22536,General Furnishings,General Furnishings Sub,2010-03-28,0.51,0.85
22537,General Furnishings,General Furnishings Sub,2010-03-29,0.51,0.85
22538,General Furnishings,General Furnishings Sub,2010-03-28,0.6,1.0
22539,General Furnishings,General Furnishings Sub,2010-03-26,0.51,0.85
22540,General Furnishings,General Furnishings Sub,2010-03-28,0.6,1.0
22541,General Furnishings,General Furnishings Sub,2010-03-28,0.51,0.85
22543,General Furnishings,General Furnishings Sub,2010-03-26,0.51,0.85
22544,General Furnishings,General Furnishings Sub,2010-03-25,0.51,0.85
22545,General Furnishings,General Furnishings Sub,2010-03-26,0.51,0.85
22546,General Furnishings,General Furnishings Sub,2010-03-26,0.51,0.85
22547,General Furnishings,General Furnishings Sub,2010-03-26,0.51,0.85
22548,General Furnishings,General Furnishings Sub,2010-03-25,1.77,2.95
22549,General Furnishings,General Furnishings Sub,2010-03-25,2.37,3.95
22550,General Furnishings,General Furnishings Sub,2010-03-25,4.57,7.62
22551,General Furnishings,General Furnishings Sub,2010-03-25,2.53,4.21
22553,General Furnishings,General Furnishings Sub,2010-03-25,2.53,4.21
22554,General Furnishings,General Furnishings Sub,2010-03-25,2.53,4.21
22555,General Furnishings,General Furnishings Sub,2010-03-25,2.53,4.21
22556,General Furnishings,General Furnishings Sub,2010-03-25,2.53,4.21
22557,Seasonal & Gifts,Seasonal & Gifts Sub,2010-03-25,2.53,4.21
22558,General Furnishings,General Furnishings Sub,2010-04-14,2.37,3.95
22559,General Furnishings,General Furnishings Sub,2010-03-25,1.51,2.51
22560,General Furnishings,General Furnishings Sub,2010-03-25,2.02,3.36
22561,General Furnishings,General Furnishings Sub,2010-03-25,2.53,4.21
22562,General Furnishings,General Furnishings Sub,2010-03-24,1.51,2.51
22563,General Furnishings,General Furnishings Sub,2010-03-24,1.51,2.51
22564,General Furnishings,General Furnishings Sub,2010-03-24,1.51,2.51
22565,General Furnishings,General Furnishings Sub,2010-03-10,1.17,1.95
22566,General Furnishings,General Furnishings Sub,2010-03-10,1.0,1.66
22567,General Furnishings,General Furnishings Sub,2010-03-26,1.75,2.92
22568,General Furnishings,General Furnishings Sub,2010-03-10,4.57,7.62
22569,General Furnishings,General Furnishings Sub,2010-03-10,5.37,8.95
22570,General Furnishings,General Furnishings Sub,2010-03-10,5.37,8.95
22571,Seasonal & Gifts,Seasonal & Gifts Sub,2010-07-23,1.17,1.95
22572,Seasonal & Gifts,Seasonal & Gifts Sub,2010-07-22,1.17,1.95
22573,Seasonal & Gifts,Seasonal & Gifts Sub,2010-07-18,1.17,1.95
22574,Seasonal & Gifts,Seasonal & Gifts Sub,2010-07-18,1.17,1.95
22575,Seasonal & Gifts,Seasonal & Gifts Sub,2010-07-18,2.97,4.95
22576,Seasonal & Gifts,Seasonal & Gifts Sub,2010-07-18,1.17,1.95
22577,Seasonal & Gifts,Seasonal & Gifts Sub,2010-07-18,1.17,1.95
22578,Seasonal & Gifts,Seasonal & Gifts Sub,2010-07-18,1.17,1.95
22579,Seasonal & Gifts,Seasonal & Gifts Sub,2010-07-18,1.17,1.95
22580,General Furnishings,General Furnishings Sub,2010-07-20,8.37,13.95
22581,Seasonal & Gifts,Seasonal & Gifts Sub,2010-07-18,2.48,4.13
22582,Storage & Accessories,Storage & Accessories Sub,2010-03-10,3.04,5.06
22583,Storage & Accessories,Storage & Accessories Sub,2010-03-10,3.04,5.06
22584,Storage & Accessories,Storage & Accessories Sub,2010-03-10,3.57,5.95
22585,General Furnishings,General Furnishings Sub,2010-03-10,1.77,2.95
22586,General Furnishings,General Furnishings Sub,2010-03-10,1.0,1.66
22587,General Furnishings,General Furnishings Sub,2010-03-10,1.0,1.66
22588,Storage & Accessories,Storage & Accessories Sub,2010-07-16,3.58,5.96
22589,Storage & Accessories,Storage & Accessories Sub,2010-07-16,3.04,5.06
22591,Storage & Accessories,Storage & Accessories Sub,2010-07-16,3.98,6.63
22592,Storage & Accessories,Storage & Accessories Sub,2010-07-27,4.57,7.62
22593,Seasonal & Gifts,Seasonal & Gifts Sub,2010-07-16,1.0,1.66
22594,Seasonal & Gifts,Seasonal & Gifts Sub,2010-07-18,1.0,1.66
22595,Seasonal & Gifts,Seasonal & Gifts Sub,2010-07-16,1.0,1.66
22596,Seasonal & Gifts,Seasonal & Gifts Sub,2010-07-16,1.77,2.95
22597,Seasonal & Gifts,Seasonal & Gifts Sub,2010-07-25,1.17,1.95
22598,Seasonal & Gifts,Seasonal & Gifts Sub,2010-07-26,1.17,1.95
22599,Seasonal & Gifts,Seasonal & Gifts Sub,2010-07-25,1.17,1.95
22600,Seasonal & Gifts,Seasonal & Gifts Sub,2010-07-16,1.0,1.66
22601,Seasonal & Gifts,Seasonal & Gifts Sub,2010-07-18,1.0,1.66
22602,Seasonal & Gifts,Seasonal & Gifts Sub,2010-07-16,1.0,1.66
22603,Seasonal & Gifts,Seasonal & Gifts Sub,2010-07-16,1.0,1.66
22604,General Furnishings,General Furnishings Sub,2010-07-23,3.04,5.06
22605,General Furnishings,General Furnishings Sub,2010-04-08,15.29,25.49
22606,General Furnishings,General Furnishings Sub,2010-04-08,20.4,34.0
22607,General Furnishings,General Furnishings Sub,2010-04-08,12.47,20.79
22608,General Furnishings,General Furnishings Sub,2010-02-26,1.0,1.66
22609,General Furnishings,General Furnishings Sub,2010-02-23,1.0,1.66
22610,General Furnishings,General Furnishings Sub,2010-02-25,1.17,1.95
22611,Storage & Accessories,Storage & Accessories Sub,2010-03-28,6.1,10.17
22612,Kitchen & Dining,Kitchen & Dining Sub,2010-03-28,4.57,7.62
22613,General Furnishings,General Furnishings Sub,2010-05-06,1.51,2.51
22614,General Furnishings,General Furnishings Sub,2010-05-06,0.6,1.0
22615,General Furnishings,General Furnishings Sub,2010-05-06,0.51,0.85
22616,General Furnishings,General Furnishings Sub,2010-05-06,0.6,1.0
22617,Seasonal & Gifts,Seasonal & Gifts Sub,2010-03-14,7.77,12.95
22618,General Furnishings,General Furnishings Sub,2010-03-14,12.23,20.38
22619,General Furnishings,General Furnishings Sub,2010-05-07,4.57,7.62
22620,General Furnishings,General Furnishings Sub,2010-05-09,1.51,2.51
22621,General Furnishings,General Furnishings Sub,2010-05-06,2.02,3.36
22622,Storage & Accessories,Storage & Accessories Sub,2010-05-07,14.98,24.96
22623,Storage & Accessories,Storage & Accessories Sub,2010-05-06,7.77,12.95
22624,General Furnishings,General Furnishings Sub,2010-05-04,10.19,16.98
22625,General Furnishings,General Furnishings Sub,2010-05-04,10.19,16.98
22626,General Furnishings,General Furnishings Sub,2010-04-30,10.19,16.98
22627,General Furnishings,General Furnishings Sub,2010-05-04,10.19,16.98
22628,Storage & Accessories,Storage & Accessories Sub,2010-07-01,6.1,10.17
22629,Storage & Accessories,Storage & Accessories Sub,2010-07-01,2.97,4.95
22630,Storage & Accessories,Storage & Accessories Sub,2010-07-01,2.97,4.95
22631,Storage & Accessories,Storage & Accessories Sub,2010-03-14,3.92,6.54
22632,General Furnishings,General Furnishings Sub,2010-09-20,2.53,4.21
22633,General Furnishings,General Furnishings Sub,2010-10-07,2.97,4.95
22634,General Furnishings,General Furnishings Sub,2010-05-20,14.97,24.95
22635,General Furnishings,General Furnishings Sub,2010-05-20,14.97,24.95
22636,General Furnishings,General Furnishings Sub,2010-05-20,12.09,20.15
22637,General Furnishings,General Furnishings Sub,2010-05-20,3.55,5.91
22638,General Furnishings,General Furnishings Sub,2010-07-23,3.04,5.06
22639,Seasonal & Gifts,Seasonal & Gifts Sub,2010-07-18,3.04,5.06
22640,General Furnishings,General Furnishings Sub,2010-06-24,3.04,5.06
22641,General Furnishings,General Furnishings Sub,2010-07-21,3.04,5.06
22642,Seasonal & Gifts,Seasonal & Gifts Sub,2010-07-18,3.04,5.06
22643,General Furnishings,General Furnishings Sub,2010-07-18,3.04,5.06
22644,General Furnishings,General Furnishings Sub,2010-05-14,10.8,18.0
22645,Seasonal & Gifts,Seasonal & Gifts Sub,2010-05-14,4.5,7.5
22646,General Furnishings,General Furnishings Sub,2010-05-14,2.53,4.21
22647,Seasonal & Gifts,Seasonal & Gifts Sub,2010-05-14,2.02,3.36
22649,Kitchen & Dining,Kitchen & Dining Sub,2010-05-14,6.61,11.02
22650,General Furnishings,General Furnishings Sub,2010-05-14,2.02,3.36
22651,General Furnishings,General Furnishings Sub,2010-07-20,1.0,1.66
22652,General Furnishings,General Furnishings Sub,2010-07-18,2.53,4.21
22653,Storage & Accessories,Storage & Accessories Sub,2010-07-19,2.53,4.21
22654,General Furnishings,General Furnishings Sub,2010-07-19,8.37,13.95
22655,Seasonal & Gifts,Seasonal & Gifts Sub,2010-07-12,177.0,295.0
22656,Seasonal & Gifts,Seasonal & Gifts Sub,2010-07-12,177.0,295.0
22657,Storage & Accessories,Storage & Accessories Sub,2010-01-31,0.51,0.85
22659,Storage & Accessories,Storage & Accessories Sub,2010-03-14,2.97,4.95
22660,General Furnishings,General Furnishings Sub,2010-06-28,9.47,15.79
22661,Storage & Accessories,Storage & Accessories Sub,2010-07-19,1.0,1.66
22662,Storage & Accessories,Storage & Accessories Sub,2010-07-19,2.97,4.95
22663,Storage & Accessories,Storage & Accessories Sub,2010-07-19,3.04,5.06
22664,Seasonal & Gifts,Seasonal & Gifts Sub,2010-07-22,2.53,4.21
22665,Storage & Accessories,Storage & Accessories Sub,2010-07-11,3.98,6.63
22666,Storage & Accessories,Storage & Accessories Sub,2010-07-09,4.17,6.95
22667,Storage & Accessories,Storage & Accessories Sub,2010-07-09,3.47,5.79
22668,General Furnishings,General Furnishings Sub,2010-07-07,3.55,5.91
22669,General Furnishings,General Furnishings Sub,2010-07-06,4.17,6.95
22670,Seasonal & Gifts,Seasonal & Gifts Sub,2010-08-17,1.77,2.95
22671,Seasonal & Gifts,Seasonal & Gifts Sub,2010-08-17,2.02,3.36
22672,Seasonal & Gifts,Seasonal & Gifts Sub,2010-08-17,2.97,4.95
22673,Seasonal & Gifts,Seasonal & Gifts Sub,2010-08-17,2.02,3.36
22674,Seasonal & Gifts,Seasonal & Gifts Sub,2010-08-17,1.77,2.95
22675,Seasonal & Gifts,Seasonal & Gifts Sub,2010-08-17,1.51,2.51
22676,Seasonal & Gifts,Seasonal & Gifts Sub,2010-08-17,1.77,2.95
22677,Seasonal & Gifts,Seasonal & Gifts Sub,2010-08-17,1.77,2.95
22678,Seasonal & Gifts,Seasonal & Gifts Sub,2010-08-17,1.77,2.95
22679,Seasonal & Gifts,Seasonal & Gifts Sub,2010-08-17,1.77,2.95
22680,Seasonal & Gifts,Seasonal & Gifts Sub,2010-08-17,1.77,2.95
22681,Seasonal & Gifts,Seasonal & Gifts Sub,2010-08-17,1.77,2.95
22682,Seasonal & Gifts,Seasonal & Gifts Sub,2010-08-17,1.77,2.95
22683,Seasonal & Gifts,Seasonal & Gifts Sub,2010-08-17,1.77,2.95
22684,Seasonal & Gifts,Seasonal & Gifts Sub,2010-08-17,1.77,2.95
22685,Seasonal & Gifts,Seasonal & Gifts Sub,2010-08-17,1.77,2.95
22686,Seasonal & Gifts,Seasonal & Gifts Sub,2010-08-17,1.77,2.95
22687,Seasonal & Gifts,Seasonal & Gifts Sub,2010-06-28,10.19,16.98
22688,General Furnishings,General Furnishings Sub,2010-06-28,10.73,17.88
22689,Seasonal & Gifts,Seasonal & Gifts Sub,2010-06-28,10.19,16.98
22690,General Furnishings,General Furnishings Sub,2010-06-28,10.03,16.72
22691,General Furnishings,General Furnishings Sub,2010-06-28,10.73,17.88
22692,General Furnishings,General Furnishings Sub,2010-06-28,10.19,16.98
22693,General Furnishings,General Furnishings Sub,2010-08-05,1.77,2.95
22694,Seasonal & Gifts,Seasonal & Gifts Sub,2010-07-29,3.04,5.06
22695,General Furnishings,General Furnishings Sub,2010-07-29,2.02,3.36
22696,General Furnishings,General Furnishings Sub,2010-07-29,2.53,4.21
22697,Kitchen & Dining,Kitchen & Dining Sub,2010-08-11,4.17,6.95
22698,Kitchen & Dining,Kitchen & Dining Sub,2010-08-11,4.17,6.95
22699,Kitchen & Dining,Kitchen & Dining Sub,2010-08-11,4.17,6.95
22700,Kitchen & Dining,Kitchen & Dining Sub,2010-07-01,3.55,5.91
22701,Kitchen & Dining,Kitchen & Dining Sub,2010-06-22,3.55,5.91
22702,Kitchen & Dining,Kitchen & Dining Sub,2010-06-23,2.53,4.21
22703,Kitchen & Dining,Kitchen & Dining Sub,2010-06-23,2.53,4.21
22704,General Furnishings,General Furnishings Sub,2010-05-27,0.25,0.42
22705,General Furnishings,General Furnishings Sub,2010-05-27,0.25,0.42
22706,General Furnishings,General Furnishings Sub,2010-06-02,0.25,0.42
22707,General Furnishings,General Furnishings Sub,2010-05-27,0.25,0.42
22708,General Furnishings,General Furnishings Sub,2010-06-02,0.25,0.42
22709,General Furnishings,General Furnishings Sub,2010-06-02,0.25,0.42
22710,General Furnishings,General Furnishings Sub,2010-05-27,0.25,0.42
22711,General Furnishings,General Furnishings Sub,2010-05-27,0.25,0.42
22712,General Furnishings,General Furnishings Sub,2010-05-28,0.51,0.85
22713,General Furnishings,General Furnishings Sub,2010-05-27,0.6,1.0
22714,General Furnishings,General Furnishings Sub,2010-05-28,0.51,0.85
22715,General Furnishings,General Furnishings Sub,2010-06-01,0.51,0.85
22716,General Furnishings,General Furnishings Sub,2010-06-01,0.51,0.85
22717,General Furnishings,General Furnishings Sub,2010-06-02,0.51,0.85
22718,General Furnishings,General Furnishings Sub,2010-06-01,0.51,0.85
22719,General Furnishings,General Furnishings Sub,2010-04-25,1.51,2.51
22720,Seasonal & Gifts,Seasonal & Gifts Sub,2010-12-13,7.77,12.95
22721,General Furnishings,General Furnishings Sub,2010-12-14,6.61,11.02
22722,Seasonal & Gifts,Seasonal & Gifts Sub,2010-11-11,5.97,9.95
22723,General Furnishings,General Furnishings Sub,2010-12-13,5.08,8.47
22725,Home Decor & Lighting,Home Decor & Lighting Sub,2010-09-24,7.33,12.21
22726,Home Decor & Lighting,Home Decor & Lighting Sub,2010-09-24,7.33,12.21
22727,Home Decor & Lighting,Home Decor & Lighting Sub,2010-09-24,5.37,8.95
22728,Home Decor & Lighting,Home Decor & Lighting Sub,2010-09-24,5.37,8.95
22729,Home Decor & Lighting,Home Decor & Lighting Sub,2010-09-24,5.37,8.95
22730,Home Decor & Lighting,Home Decor & Lighting Sub,2010-09-24,5.37,8.95
22731,Seasonal & Gifts,Seasonal & Gifts Sub,2010-09-16,2.02,3.36
22732,Seasonal & Gifts,Seasonal & Gifts Sub,2010-09-15,2.02,3.36
22733,Seasonal & Gifts,Seasonal & Gifts Sub,2010-09-17,2.02,3.36
22734,Seasonal & Gifts,Seasonal & Gifts Sub,2010-09-16,4.17,6.95
22735,General Furnishings,General Furnishings Sub,2010-09-16,4.5,7.5
22736,General Furnishings,General Furnishings Sub,2010-09-16,4.5,7.5
22737,Seasonal & Gifts,Seasonal & Gifts Sub,2010-09-16,4.5,7.5
22738,General Furnishings,General Furnishings Sub,2010-09-16,4.5,7.5
22739,General Furnishings,General Furnishings Sub,2010-09-16,2.53,4.21
22740,General Furnishings,General Furnishings Sub,2010-09-30,1.17,1.95
22741,General Furnishings,General Furnishings Sub,2010-09-30,1.0,1.66
22742,General Furnishings,General Furnishings Sub,2010-08-10,4.17,6.95
22743,General Furnishings,General Furnishings Sub,2010-08-10,4.17,6.95
22744,General Furnishings,General Furnishings Sub,2010-08-10,4.17,6.95
22745,General Furnishings,General Furnishings Sub,2010-09-24,3.04,5.06
22746,General Furnishings,General Furnishings Sub,2010-09-24,3.04,5.06
22747,General Furnishings,General Furnishings Sub,2010-09-24,3.04,5.06
22748,General Furnishings,General Furnishings Sub,2010-09-24,3.04,5.06
22749,General Furnishings,General Furnishings Sub,2010-09-08,5.37,8.95
22750,General Furnishings,General Furnishings Sub,2010-09-06,5.37,8.95
22751,General Furnishings,General Furnishings Sub,2010-09-05,4.57,7.62
22752,Storage & Accessories,Storage & Accessories Sub,2010-08-06,10.19,16.98
22753,General Furnishings,General Furnishings Sub,2010-08-08,1.17,1.95
22754,General Furnishings,General Furnishings Sub,2010-08-08,1.17,1.95
22755,General Furnishings,General Furnishings Sub,2010-08-06,1.17,1.95
22756,General Furnishings,General Furnishings Sub,2010-08-08,1.51,2.51
22757,General Furnishings,General Furnishings Sub,2010-08-08,1.51,2.51
22758,General Furnishings,General Furnishings Sub,2010-08-06,1.51,2.51
22759,General Furnishings,General Furnishings Sub,2010-08-08,2.37,3.95
22760,General Furnishings,General Furnishings Sub,2010-10-10,15.29,25.49
22761,General Furnishings,General Furnishings Sub,2010-10-13,29.48,49.13
22762,Kitchen & Dining,Kitchen & Dining Sub,2010-10-10,17.87,29.79
22763,General Furnishings,General Furnishings Sub,2010-10-10,12.23,20.38
22764,Kitchen & Dining,Kitchen & Dining Sub,2010-10-12,29.98,49.96
22765,General Furnishings,General Furnishings Sub,2010-10-10,17.87,29.79
22766,General Furnishings,General Furnishings Sub,2010-10-10,3.55,5.91
22767,General Furnishings,General Furnishings Sub,2010-10-10,12.23,20.38
22768,General Furnishings,General Furnishings Sub,2010-10-10,12.23,20.38
22769,General Furnishings,General Furnishings Sub,2010-10-10,30.61,51.02
22770,Home Decor & Lighting,Home Decor & Lighting Sub,2010-10-12,17.87,29.79
22771,General Furnishings,General Furnishings Sub,2010-10-17,1.97,3.29
22772,General Furnishings,General Furnishings Sub,2010-10-17,1.97,3.29
22773,General Furnishings,General Furnishings Sub,2010-10-17,1.97,3.29
22774,General Furnishings,General Furnishings Sub,2010-10-17,1.51,2.51
22775,General Furnishings,General Furnishings Sub,2010-10-17,1.97,3.29
22776,Seasonal & Gifts,Seasonal & Gifts Sub,2010-10-17,12.23,20.38
22777,Kitchen & Dining,Kitchen & Dining Sub,2010-10-22,10.19,16.98
22778,Kitchen & Dining,Kitchen & Dining Sub,2010-10-18,5.08,8.47
22779,Home Decor & Lighting,Home Decor & Lighting Sub,2010-10-24,2.55,4.25
22780,Home Decor & Lighting,Home Decor & Lighting Sub,2010-10-22,2.55,4.25
22781,General Furnishings,General Furnishings Sub,2010-10-17,9.17,15.28
22782,Storage & Accessories,Storage & Accessories Sub,2010-10-27,14.97,24.95
22783,Storage & Accessories,Storage & Accessories Sub,2010-10-26,23.48,39.13
22784,Home Decor & Lighting,Home Decor & Lighting Sub,2010-10-22,6.61,11.02
22785,General Furnishings,General Furnishings Sub,2010-10-17,10.19,16.98
22786,General Furnishings,General Furnishings Sub,2010-10-17,9.68,16.13
22788,General Furnishings,General Furnishings Sub,2010-10-17,12.23,20.38
22789,Storage & Accessories,Storage & Accessories Sub,2010-10-17,2.53,4.21
22790,Home Decor & Lighting,Home Decor & Lighting Sub,2010-10-14,11.65,19.42
22791,Kitchen & Dining,Kitchen & Dining Sub,2010-10-22,1.51,2.51
22792,Storage & Accessories,Storage & Accessories Sub,2010-10-22,1.0,1.66
22794,Seasonal & Gifts,Seasonal & Gifts Sub,2010-10-17,9.68,16.13
22795,Seasonal & Gifts,Seasonal & Gifts Sub,2010-10-17,8.14,13.57
22796,General Furnishings,General Furnishings Sub,2010-10-10,12.74,21.23
22797,Seasonal & Gifts,Seasonal & Gifts Sub,2010-10-17,20.4,34.0
22798,Kitchen & Dining,Kitchen & Dining Sub,2010-10-22,3.55,5.91
22799,Kitchen & Dining,Kitchen & Dining Sub,2010-10-18,10.19,16.98
22800,Kitchen & Dining,Kitchen & Dining Sub,2010-10-22,4.57,7.62
22801,Kitchen & Dining,Kitchen & Dining Sub,2010-10-22,4.57,7.62
22802,General Furnishings,General Furnishings Sub,2010-10-28,23.98,39.96
22803,General Furnishings,General Furnishings Sub,2010-10-22,49.5,82.5
22804,Storage & Accessories,Storage & Accessories Sub,2010-09-23,3.55,5.91
22805,General Furnishings,General Furnishings Sub,2010-10-17,1.97,3.29
22806,Home Decor & Lighting,Home Decor & Lighting Sub,2010-09-20,3.55,5.91
22807,Home Decor & Lighting,Home Decor & Lighting Sub,2010-09-20,3.55,5.91
22808,Home Decor & Lighting,Home Decor & Lighting Sub,2010-09-20,3.55,5.91
22809,Home Decor & Lighting,Home Decor & Lighting Sub,2010-09-20,3.55,5.91
22810,Home Decor & Lighting,Home Decor & Lighting Sub,2010-09-20,3.55,5.91
22811,Home Decor & Lighting,Home Decor & Lighting Sub,2010-09-21,3.55,5.91
22812,Storage & Accessories,Storage & Accessories Sub,2010-09-15,3.04,5.06
22813,Storage & Accessories,Storage & Accessories Sub,2010-09-16,2.53,4.21
22814,Seasonal & Gifts,Seasonal & Gifts Sub,2010-09-21,0.51,0.85
22815,General Furnishings,General Furnishings Sub,2010-09-16,0.51,0.85
22816,General Furnishings,General Furnishings Sub,2010-09-16,0.6,1.0
22817,General Furnishings,General Furnishings Sub,2010-09-16,0.51,0.85
22818,Seasonal & Gifts,Seasonal & Gifts Sub,2010-09-16,0.6,1.0
22819,General Furnishings,General Furnishings Sub,2010-09-20,0.51,0.85
22820,Storage & Accessories,Storage & Accessories Sub,2010-09-15,0.77,1.28
22821,Storage & Accessories,Storage & Accessories Sub,2010-09-15,0.77,1.28
22822,Seasonal & Gifts,Seasonal & Gifts Sub,2010-11-07,7.63,12.72
22823,General Furnishings,General Furnishings Sub,2010-10-26,75.0,125.0
22824,Seasonal & Gifts,Seasonal & Gifts Sub,2010-11-07,21.57,35.95
22825,General Furnishings,General Furnishings Sub,2010-10-22,9.68,16.13
22826,General Furnishings,General Furnishings Sub,2010-12-10,117.0,195.0
22827,General Furnishings,General Furnishings Sub,2010-10-21,99.0,165.0
22828,Home Decor & Lighting,Home Decor & Lighting Sub,2010-10-21,99.0,165.0
22829,General Furnishings,General Furnishings Sub,2010-11-10,12.74,21.23
22830,General Furnishings,General Furnishings Sub,2010-10-22,33.17,55.28
22831,General Furnishings,General Furnishings Sub,2010-11-07,3.55,5.91
22832,Seasonal & Gifts,Seasonal & Gifts Sub,2010-11-09,12.74,21.23
22833,General Furnishings,General Furnishings Sub,2010-11-04,60.0,100.0
22834,Seasonal & Gifts,Seasonal & Gifts Sub,2010-09-12,5.0,8.33
22835,Kitchen & Dining,Kitchen & Dining Sub,2010-09-12,7.48,12.46
22837,Kitchen & Dining,Kitchen & Dining Sub,2010-10-06,5.59,9.32
22838,General Furnishings,General Furnishings Sub,2010-10-14,17.97,29.95
22839,General Furnishings,General Furnishings Sub,2010-10-14,17.87,29.79
22840,Seasonal & Gifts,Seasonal & Gifts Sub,2010-10-13,9.68,16.13
22841,Seasonal & Gifts,Seasonal & Gifts Sub,2010-10-13,9.68,16.13
22842,Seasonal & Gifts,Seasonal & Gifts Sub,2010-10-13,8.14,13.57
22843,Seasonal & Gifts,Seasonal & Gifts Sub,2010-10-15,8.14,13.57
22844,Seasonal & Gifts,Seasonal & Gifts Sub,2010-10-17,10.19,16.98
22845,Seasonal & Gifts,Seasonal & Gifts Sub,2010-10-15,7.63,12.72
22846,General Furnishings,General Furnishings Sub,2010-10-14,20.4,34.0
22847,General Furnishings,General Furnishings Sub,2010-10-14,20.4,34.0
22848,General Furnishings,General Furnishings Sub,2010-10-14,20.4,34.0
22849,General Furnishings,General Furnishings Sub,2010-10-14,20.4,34.0
22850,General Furnishings,General Furnishings Sub,2010-10-17,10.17,16.95
22851,Seasonal & Gifts,Seasonal & Gifts Sub,2010-08-19,1.0,1.66
22852,Kitchen & Dining,Kitchen & Dining Sub,2010-10-15,4.97,8.29
22853,Kitchen & Dining,Kitchen & Dining Sub,2010-10-15,4.06,6.77
22854,Storage & Accessories,Storage & Accessories Sub,2010-09-16,6.61,11.02
22855,Seasonal & Gifts,Seasonal & Gifts Sub,2010-09-15,1.51,2.51
22856,General Furnishings,General Furnishings Sub,2010-10-17,9.68,16.13
22857,General Furnishings,General Furnishings Sub,2010-10-05,6.61,11.02
22858,General Furnishings,General Furnishings Sub,2010-11-08,2.02,3.36
22859,General Furnishings,General Furnishings Sub,2010-10-05,2.02,3.36
22860,General Furnishings,General Furnishings Sub,2010-10-05,2.02,3.36
22861,General Furnishings,General Furnishings Sub,2010-12-12,1.97,3.29
22862,Storage & Accessories,Storage & Accessories Sub,2010-09-16,5.08,8.47
22863,General Furnishings,General Furnishings Sub,2010-09-23,3.55,5.91
22864,Kitchen & Dining,Kitchen & Dining Sub,2010-06-02,0.25,0.42
22865,Seasonal & Gifts,Seasonal & Gifts Sub,2010-09-10,3.04,5.06
22866,Seasonal & Gifts,Seasonal & Gifts Sub,2010-09-10,2.97,4.95
22867,Seasonal & Gifts,Seasonal & Gifts Sub,2010-09-10,3.04,5.06
22868,General Furnishings,General Furnishings Sub,2010-10-18,2.53,4.21
22869,General Furnishings,General Furnishings Sub,2010-10-17,2.53,4.21
22870,General Furnishings,General Furnishings Sub,2010-10-18,2.53,4.21
22871,General Furnishings,General Furnishings Sub,2010-10-18,2.53,4.21
22872,General Furnishings,General Furnishings Sub,2010-10-18,2.53,4.21
22873,General Furnishings,General Furnishings Sub,2010-10-17,2.53,4.21
22874,General Furnishings,General Furnishings Sub,2010-10-18,2.53,4.21
22875,General Furnishings,General Furnishings Sub,2010-10-18,2.53,4.21
22876,General Furnishings,General Furnishings Sub,2010-10-18,2.53,4.21
22877,General Furnishings,General Furnishings Sub,2010-10-18,2.53,4.21
22878,General Furnishings,General Furnishings Sub,2010-10-18,2.53,4.21
22879,Seasonal & Gifts,Seasonal & Gifts Sub,2010-10-19,2.53,4.21
22880,Seasonal & Gifts,Seasonal & Gifts Sub,2010-10-25,2.53,4.21
22881,Seasonal & Gifts,Seasonal & Gifts Sub,2010-10-25,2.53,4.21
22882,Seasonal & Gifts,Seasonal & Gifts Sub,2010-10-19,2.53,4.21
22883,Seasonal & Gifts,Seasonal & Gifts Sub,2010-10-18,2.53,4.21
22884,Seasonal & Gifts,Seasonal & Gifts Sub,2010-10-21,2.53,4.21
22885,Seasonal & Gifts,Seasonal & Gifts Sub,2010-10-20,2.53,4.21
22886,Seasonal & Gifts,Seasonal & Gifts Sub,2010-10-25,2.53,4.21
22887,Seasonal & Gifts,Seasonal & Gifts Sub,2010-10-18,2.53,4.21
22888,Seasonal & Gifts,Seasonal & Gifts Sub,2010-11-04,2.48,4.13
22889,Seasonal & Gifts,Seasonal & Gifts Sub,2010-10-25,2.53,4.21
22890,General Furnishings,General Furnishings Sub,2010-10-14,12.23,20.38
22891,Kitchen & Dining,Kitchen & Dining Sub,2010-10-15,5.08,8.47
22892,General Furnishings,General Furnishings Sub,2010-10-15,1.51,2.51
22893,Storage & Accessories,Storage & Accessories Sub,2010-10-15,0.51,0.85
22894,Seasonal & Gifts,Seasonal & Gifts Sub,2010-09-24,12.47,20.79
22895,Kitchen & Dining,Kitchen & Dining Sub,2010-09-24,4.77,7.95
22896,Storage & Accessories,Storage & Accessories Sub,2010-09-26,3.47,5.79
22897,Seasonal & Gifts,Seasonal & Gifts Sub,2010-09-26,4.5,7.5
22898,Seasonal & Gifts,Seasonal & Gifts Sub,2010-09-26,2.98,4.96
22899,General Furnishings,General Furnishings Sub,2010-09-26,2.97,4.95
22900,Kitchen & Dining,Kitchen & Dining Sub,2010-09-24,4.77,7.95
22902,Storage & Accessories,Storage & Accessories Sub,2010-09-26,2.53,4.21
22903,General Furnishings,General Furnishings Sub,2010-09-26,3.55,5.91
22904,Seasonal & Gifts,Seasonal & Gifts Sub,2010-09-19,4.17,6.95
22905,Seasonal & Gifts,Seasonal & Gifts Sub,2010-09-19,3.55,5.91
22906,General Furnishings,General Furnishings Sub,2010-09-19,2.37,3.95
22907,Seasonal & Gifts,Seasonal & Gifts Sub,2010-09-16,1.17,1.95
22908,General Furnishings,General Furnishings Sub,2010-09-20,1.17,1.95
22909,Seasonal & Gifts,Seasonal & Gifts Sub,2010-09-16,1.17,1.95
22910,Seasonal & Gifts,Seasonal & Gifts Sub,2010-09-19,4.17,6.95
22911,General Furnishings,General Furnishings Sub,2010-09-19,3.55,5.91
22912,General Furnishings,General Furnishings Sub,2010-11-19,6.61,11.02
22913,General Furnishings,General Furnishings Sub,2010-11-19,6.61,11.02
22914,General Furnishings,General Furnishings Sub,2010-11-19,6.61,11.02
22915,Kitchen & Dining,Kitchen & Dining Sub,2010-11-19,3.04,5.06
22916,General Furnishings,General Furnishings Sub,2010-11-21,1.17,1.95
22917,General Furnishings,General Furnishings Sub,2010-11-21,1.17,1.95
22918,General Furnishings,General Furnishings Sub,2010-11-21,1.17,1.95
22919,General Furnishings,General Furnishings Sub,2010-11-22,1.17,1.95
22920,General Furnishings,General Furnishings Sub,2010-11-21,1.17,1.95
22921,General Furnishings,General Furnishings Sub,2010-11-21,1.17,1.95
22922,General Furnishings,General Furnishings Sub,2010-11-19,6.61,11.02
22923,General Furnishings,General Furnishings Sub,2010-11-19,6.61,11.02
22924,General Furnishings,General Furnishings Sub,2010-11-19,6.61,11.02
22925,General Furnishings,General Furnishings Sub,2010-11-22,7.48,12.46
22926,General Furnishings,General Furnishings Sub,2010-11-21,8.97,14.95
22927,General Furnishings,General Furnishings Sub,2010-11-21,8.97,14.95
22928,General Furnishings,General Furnishings Sub,2010-11-22,7.48,12.46
22929,General Furnishings,General Furnishings Sub,2010-11-24,39.0,65.0
22930,Seasonal & Gifts,Seasonal & Gifts Sub,2010-12-08,3.57,5.95
22931,Seasonal & Gifts,Seasonal & Gifts Sub,2010-12-08,3.04,5.06
22932,Kitchen & Dining,Kitchen & Dining Sub,2010-12-08,3.04,5.06
22933,General Furnishings,General Furnishings Sub,2010-12-09,4.17,6.95
22934,General Furnishings,General Furnishings Sub,2010-12-10,4.17,6.95
22935,General Furnishings,General Furnishings Sub,2010-12-08,3.98,6.63
22936,General Furnishings,General Furnishings Sub,2010-12-08,3.98,6.63
22937,Kitchen & Dining,Kitchen & Dining Sub,2010-12-08,3.57,5.95
22938,Kitchen & Dining,Kitchen & Dining Sub,2010-09-20,2.53,4.21
22939,Home Decor & Lighting,Home Decor & Lighting Sub,2010-09-26,6.61,11.02
22940,Seasonal & Gifts,Seasonal & Gifts Sub,2010-09-06,5.97,9.95
22941,Home Decor & Lighting,Home Decor & Lighting Sub,2010-10-21,11.97,19.95
22942,Home Decor & Lighting,Home Decor & Lighting Sub,2010-10-21,11.97,19.95
22943,Home Decor & Lighting,Home Decor & Lighting Sub,2010-10-21,7.77,12.95
22944,Seasonal & Gifts,Seasonal & Gifts Sub,2010-09-19,9.68,16.13
22945,Seasonal & Gifts,Seasonal & Gifts Sub,2010-09-19,6.61,11.02
22946,General Furnishings,General Furnishings Sub,2010-09-16,20.4,34.0
22947,General Furnishings,General Furnishings Sub,2010-09-16,20.4,34.0
22948,General Furnishings,General Furnishings Sub,2010-09-16,4.06,6.77
22949,General Furnishings,General Furnishings Sub,2010-09-19,1.79,2.98
22950,Seasonal & Gifts,Seasonal & Gifts Sub,2010-09-19,1.79,2.98
22951,Storage & Accessories,Storage & Accessories Sub,2010-09-19,0.9,1.5
22952,Storage & Accessories,Storage & Accessories Sub,2010-09-17,1.28,2.13
22953,Seasonal & Gifts,Seasonal & Gifts Sub,2010-11-04,1.51,2.51
22954,Seasonal & Gifts,Seasonal & Gifts Sub,2010-11-05,1.51,2.51
22955,Storage & Accessories,Storage & Accessories Sub,2010-11-04,2.53,4.21
22956,Storage & Accessories,Storage & Accessories Sub,2010-11-04,2.97,4.95
22957,Seasonal & Gifts,Seasonal & Gifts Sub,2011-01-14,3.47,5.79
22959,Seasonal & Gifts,Seasonal & Gifts Sub,2010-09-06,0.25,0.42
22960,General Furnishings,General Furnishings Sub,2010-11-28,5.97,9.95
22961,General Furnishings,General Furnishings Sub,2010-07-23,2.37,3.95
22962,General Furnishings,General Furnishings Sub,2010-11-28,1.0,1.66
22963,General Furnishings,General Furnishings Sub,2010-07-23,1.0,1.66
22964,General Furnishings,General Furnishings Sub,2010-11-21,2.97,4.95
22965,General Furnishings,General Furnishings Sub,2010-11-21,2.97,4.95
22966,General Furnishings,General Furnishings Sub,2010-11-09,1.77,2.95
22967,General Furnishings,General Furnishings Sub,2011-01-14,3.47,5.79
22968,Storage & Accessories,Storage & Accessories Sub,2010-10-29,12.23,20.38
22969,Home Decor & Lighting,Home Decor & Lighting Sub,2010-11-21,2.37,3.95
22970,Kitchen & Dining,Kitchen & Dining Sub,2010-12-15,3.57,5.95
22971,Kitchen & Dining,Kitchen & Dining Sub,2010-12-16,3.04,5.06
22972,Kitchen & Dining,Kitchen & Dining Sub,2010-11-24,2.37,3.95
22973,Kitchen & Dining,Kitchen & Dining Sub,2010-11-23,2.02,3.36
22974,Kitchen & Dining,Kitchen & Dining Sub,2010-11-24,2.37,3.95
22975,Kitchen & Dining,Kitchen & Dining Sub,2010-11-24,1.77,2.95
22976,Kitchen & Dining,Kitchen & Dining Sub,2010-11-24,1.51,2.51
22977,Kitchen & Dining,Kitchen & Dining Sub,2010-11-24,1.77,2.95
22978,General Furnishings,General Furnishings Sub,2011-02-17,4.48,7.46
22979,General Furnishings,General Furnishings Sub,2011-03-02,2.37,3.95
22980,General Furnishings,General Furnishings Sub,2011-02-16,2.37,3.95
22981,General Furnishings,General Furnishings Sub,2011-03-03,1.75,2.92
22982,General Furnishings,General Furnishings Sub,2011-03-02,1.48,2.46
22983,General Furnishings,General Furnishings Sub,2010-09-14,0.51,0.85
22984,General Furnishings,General Furnishings Sub,2010-09-12,0.51,0.85
22985,Seasonal & Gifts,Seasonal & Gifts Sub,2010-09-07,0.25,0.42
22986,General Furnishings,General Furnishings Sub,2010-09-07,0.25,0.42
22987,Seasonal & Gifts,Seasonal & Gifts Sub,2010-09-07,0.25,0.42
22988,Kitchen & Dining,Kitchen & Dining Sub,2010-11-23,1.77,2.95
22989,Kitchen & Dining,Kitchen & Dining Sub,2011-02-03,4.77,7.95
22990,Seasonal & Gifts,Seasonal & Gifts Sub,2011-02-06,6.47,10.79
22991,General Furnishings,General Furnishings Sub,2011-02-17,2.97,4.95
22992,General Furnishings,General Furnishings Sub,2011-02-17,2.97,4.95
22993,General Furnishings,General Furnishings Sub,2011-02-16,1.97,3.29
22994,General Furnishings,General Furnishings Sub,2011-02-16,0.5,0.83
22995,General Furnishings,General Furnishings Sub,2011-02-17,0.5,0.83
22996,Seasonal & Gifts,Seasonal & Gifts Sub,2011-02-17,0.6,1.0
22997,General Furnishings,General Furnishings Sub,2011-02-17,0.5,0.83
22998,General Furnishings,General Furnishings Sub,2011-02-16,0.6,1.0
22999,General Furnishings,General Furnishings Sub,2011-02-17,0.6,1.0
23000,General Furnishings,General Furnishings Sub,2011-02-16,0.5,0.83
23002,General Furnishings,General Furnishings Sub,2011-02-16,0.5,0.83
23003,Seasonal & Gifts,Seasonal & Gifts Sub,2011-02-16,0.25,0.42
23004,General Furnishings,General Furnishings Sub,2011-02-16,0.5,0.83
23005,General Furnishings,General Furnishings Sub,2011-02-17,0.6,1.0
23006,General Furnishings,General Furnishings Sub,2011-02-16,0.5,0.83
23007,General Furnishings,General Furnishings Sub,2011-03-09,14.98,24.96
23008,General Furnishings,General Furnishings Sub,2011-03-09,14.98,24.96
23009,General Furnishings,General Furnishings Sub,2011-03-09,17.97,29.95
23010,General Furnishings,General Furnishings Sub,2011-03-09,14.98,24.96
23012,Kitchen & Dining,Kitchen & Dining Sub,2011-06-14,4.97,8.29
23013,Kitchen & Dining,Kitchen & Dining Sub,2011-06-14,4.97,8.29
23014,Kitchen & Dining,Kitchen & Dining Sub,2011-06-14,4.97,8.29
23015,Kitchen & Dining,Kitchen & Dining Sub,2011-06-17,9.98,16.63
23016,Kitchen & Dining,Kitchen & Dining Sub,2011-06-16,9.47,15.79
23017,General Furnishings,General Furnishings Sub,2011-06-26,14.98,24.96
23018,General Furnishings,General Furnishings Sub,2011-06-26,14.98,24.96
23019,General Furnishings,General Furnishings Sub,2011-06-21,4.95,8.25
23020,Kitchen & Dining,Kitchen & Dining Sub,2011-06-14,14.98,24.96
23021,Kitchen & Dining,Kitchen & Dining Sub,2011-06-20,4.97,8.29
23022,Storage & Accessories,Storage & Accessories Sub,2011-06-15,1.25,2.08
23023,Storage & Accessories,Storage & Accessories Sub,2011-06-20,1.97,3.29
23024,Storage & Accessories,Storage & Accessories Sub,2011-06-22,3.47,5.79
23025,Kitchen & Dining,Kitchen & Dining Sub,2011-06-27,2.48,4.13
23026,Kitchen & Dining,Kitchen & Dining Sub,2011-06-16,2.48,4.13
23027,Kitchen & Dining,Kitchen & Dining Sub,2011-06-22,2.48,4.13
23028,General Furnishings,General Furnishings Sub,2011-06-14,2.48,4.13
23029,General Furnishings,General Furnishings Sub,2011-06-14,1.97,3.29
23031,General Furnishings,General Furnishings Sub,2011-06-14,1.97,3.29
23032,General Furnishings,General Furnishings Sub,2011-06-14,1.97,3.29
23033,General Furnishings,General Furnishings Sub,2011-06-14,1.97,3.29
23034,General Furnishings,General Furnishings Sub,2011-06-14,1.97,3.29
23035,General Furnishings,General Furnishings Sub,2011-06-14,1.97,3.29
23036,Storage & Accessories,Storage & Accessories Sub,2011-06-22,1.48,2.46
23037,Storage & Accessories,Storage & Accessories Sub,2011-06-24,1.97,3.29
23038,Storage & Accessories,Storage & Accessories Sub,2011-07-11,0.98,1.63
23039,Storage & Accessories,Storage & Accessories Sub,2011-06-19,2.48,4.13
23040,Home Decor & Lighting,Home Decor & Lighting Sub,2011-04-28,6.98,11.63
23041,Home Decor & Lighting,Home Decor & Lighting Sub,2011-04-28,4.97,8.29
23042,Home Decor & Lighting,Home Decor & Lighting Sub,2011-04-28,7.97,13.29
23043,Home Decor & Lighting,Home Decor & Lighting Sub,2011-05-05,7.48,12.46
23044,Home Decor & Lighting,Home Decor & Lighting Sub,2011-05-08,4.97,8.29
23045,Home Decor & Lighting,Home Decor & Lighting Sub,2011-05-05,4.97,8.29
23046,Home Decor & Lighting,Home Decor & Lighting Sub,2011-05-08,7.97,13.29
23047,Home Decor & Lighting,Home Decor & Lighting Sub,2011-05-08,3.45,5.75
23048,Home Decor & Lighting,Home Decor & Lighting Sub,2011-04-28,4.97,8.29
23049,General Furnishings,General Furnishings Sub,2011-03-04,9.98,16.63
23050,General Furnishings,General Furnishings Sub,2011-03-04,9.98,16.63
23051,General Furnishings,General Furnishings Sub,2011-03-04,9.98,16.63
23052,General Furnishings,General Furnishings Sub,2011-03-04,9.98,16.63
23053,General Furnishings,General Furnishings Sub,2011-03-04,9.98,16.63
23054,General Furnishings,General Furnishings Sub,2011-03-04,9.98,16.63
23055,Storage & Accessories,Storage & Accessories Sub,2011-04-19,7.48,12.46
23056,Storage & Accessories,Storage & Accessories Sub,2011-04-19,7.48,12.46
23057,Storage & Accessories,Storage & Accessories Sub,2011-04-18,6.47,10.79
23058,Seasonal & Gifts,Seasonal & Gifts Sub,2011-09-14,2.98,4.96
23060,Seasonal & Gifts,Seasonal & Gifts Sub,2011-04-18,2.48,4.13
23061,Seasonal & Gifts,Seasonal & Gifts Sub,2011-04-19,1.48,2.46
23064,General Furnishings,General Furnishings Sub,2011-04-28,59.98,99.96
23065,General Furnishings,General Furnishings Sub,2011-04-15,14.98,24.96
23066,General Furnishings,General Furnishings Sub,2011-04-18,9.98,16.63
23067,Seasonal & Gifts,Seasonal & Gifts Sub,2011-04-26,4.97,8.29
23068,Seasonal & Gifts,Seasonal & Gifts Sub,2011-04-18,2.98,4.96
23069,General Furnishings,General Furnishings Sub,2011-04-26,7.48,12.46
23070,Seasonal & Gifts,Seasonal & Gifts Sub,2011-05-04,4.97,8.29
23071,Storage & Accessories,Storage & Accessories Sub,2011-04-20,7.5,12.5
23072,Storage & Accessories,Storage & Accessories Sub,2011-05-08,14.98,24.96
23073,Storage & Accessories,Storage & Accessories Sub,2011-04-19,7.5,12.5
23074,Storage & Accessories,Storage & Accessories Sub,2011-09-11,2.48,4.13
23075,General Furnishings,General Furnishings Sub,2011-04-18,4.97,8.29
23076,General Furnishings,General Furnishings Sub,2011-03-24,1.48,2.46
23077,General Furnishings,General Furnishings Sub,2011-03-24,1.77,2.95
23078,General Furnishings,General Furnishings Sub,2011-03-24,1.77,2.95
23079,Home Decor & Lighting,Home Decor & Lighting Sub,2011-05-11,5.37,8.95
23080,Storage & Accessories,Storage & Accessories Sub,2011-05-11,9.98,16.63
23081,Storage & Accessories,Storage & Accessories Sub,2011-05-10,9.98,16.63
23082,Home Decor & Lighting,Home Decor & Lighting Sub,2011-05-11,4.5,7.5
23083,Home Decor & Lighting,Home Decor & Lighting Sub,2011-05-15,4.5,7.5
23084,Home Decor & Lighting,Home Decor & Lighting Sub,2011-05-10,2.98,4.96
23085,Home Decor & Lighting,Home Decor & Lighting Sub,2011-05-16,12.47,20.79
23086,Storage & Accessories,Storage & Accessories Sub,2011-05-16,1.48,2.46
23087,Storage & Accessories,Storage & Accessories Sub,2011-05-13,1.48,2.46
23088,Storage & Accessories,Storage & Accessories Sub,2011-05-12,1.48,2.46
23089,Kitchen & Dining,Kitchen & Dining Sub,2011-05-12,1.97,3.29
23090,Kitchen & Dining,Kitchen & Dining Sub,2011-05-16,0.98,1.63
23091,General Furnishings,General Furnishings Sub,2011-05-11,7.48,12.46
23092,General Furnishings,General Furnishings Sub,2011-05-16,9.47,15.79
23093,Seasonal & Gifts,Seasonal & Gifts Sub,2011-05-11,2.98,4.96
23094,General Furnishings,General Furnishings Sub,2011-05-11,14.98,24.96
23096,General Furnishings,General Furnishings Sub,2011-05-10,1.97,3.29
23099,Home Decor & Lighting,Home Decor & Lighting Sub,2011-05-16,7.97,13.29
23100,General Furnishings,General Furnishings Sub,2011-05-11,1.48,2.46
23101,Seasonal & Gifts,Seasonal & Gifts Sub,2011-05-12,1.48,2.46
23102,Seasonal & Gifts,Seasonal & Gifts Sub,2011-05-11,1.48,2.46
23103,Seasonal & Gifts,Seasonal & Gifts Sub,2011-05-11,1.97,3.29
23104,Home Decor & Lighting,Home Decor & Lighting Sub,2011-05-11,14.98,24.96
23106,Storage & Accessories,Storage & Accessories Sub,2011-05-13,3.47,5.79
23107,Storage & Accessories,Storage & Accessories Sub,2011-05-12,3.47,5.79
23108,Home Decor & Lighting,Home Decor & Lighting Sub,2011-05-11,7.48,12.46
23109,Kitchen & Dining,Kitchen & Dining Sub,2011-05-11,3.47,5.79
23110,General Furnishings,General Furnishings Sub,2011-05-11,7.48,12.46
23111,Storage & Accessories,Storage & Accessories Sub,2011-05-11,14.98,24.96
23112,General Furnishings,General Furnishings Sub,2011-05-11,8.98,14.96
23113,General Furnishings,General Furnishings Sub,2011-09-16,6.47,10.79
23114,Seasonal & Gifts,Seasonal & Gifts Sub,2011-09-30,6.47,10.79
23115,General Furnishings,General Furnishings Sub,2011-09-30,6.47,10.79
23116,General Furnishings,General Furnishings Sub,2011-09-30,6.47,10.79
23117,General Furnishings,General Furnishings Sub,2011-09-30,6.47,10.79
23118,General Furnishings,General Furnishings Sub,2011-05-10,8.98,14.96
23119,General Furnishings,General Furnishings Sub,2011-06-17,0.75,1.25
23120,General Furnishings,General Furnishings Sub,2011-06-17,0.47,0.79
23121,General Furnishings,General Furnishings Sub,2011-06-17,0.75,1.25
23122,Seasonal & Gifts,Seasonal & Gifts Sub,2011-06-17,1.0,1.67
23123,General Furnishings,General Furnishings Sub,2011-06-17,1.0,1.67
23124,General Furnishings,General Furnishings Sub,2011-06-17,1.48,2.46
23125,Kitchen & Dining,Kitchen & Dining Sub,2011-06-17,1.48,2.46
23126,General Furnishings,General Furnishings Sub,2011-03-02,6.47,10.79
23127,General Furnishings,General Furnishings Sub,2011-03-02,7.77,12.95
23128,General Furnishings,General Furnishings Sub,2011-03-03,7.77,12.95
23129,Seasonal & Gifts,Seasonal & Gifts Sub,2011-05-18,4.97,8.29
23130,Seasonal & Gifts,Seasonal & Gifts Sub,2011-05-01,4.97,8.29
23131,Seasonal & Gifts,Seasonal & Gifts Sub,2011-04-26,4.97,8.29
23132,Seasonal & Gifts,Seasonal & Gifts Sub,2011-04-19,7.48,12.46
23133,Seasonal & Gifts,Seasonal & Gifts Sub,2011-04-20,9.98,16.63
23134,Seasonal & Gifts,Seasonal & Gifts Sub,2011-04-20,9.98,16.63
23135,Seasonal & Gifts,Seasonal & Gifts Sub,2011-04-19,7.48,12.46
23136,Seasonal & Gifts,Seasonal & Gifts Sub,2011-04-21,4.48,7.46
23137,Seasonal & Gifts,Seasonal & Gifts Sub,2011-04-21,4.48,7.46
23138,Seasonal & Gifts,Seasonal & Gifts Sub,2011-04-21,1.97,3.29
23139,Seasonal & Gifts,Seasonal & Gifts Sub,2011-04-21,1.97,3.29
23140,Seasonal & Gifts,Seasonal & Gifts Sub,2011-04-19,4.97,8.29
23141,Seasonal & Gifts,Seasonal & Gifts Sub,2011-04-19,4.97,8.29
23142,General Furnishings,General Furnishings Sub,2011-04-21,12.47,20.79
23143,General Furnishings,General Furnishings Sub,2011-05-04,12.47,20.79
23144,Storage & Accessories,Storage & Accessories Sub,2011-04-21,0.98,1.63
23145,Storage & Accessories,Storage & Accessories Sub,2011-04-21,1.25,2.08
23146,General Furnishings,General Furnishings Sub,2011-04-19,3.98,6.63
23147,General Furnishings,General Furnishings Sub,2011-04-21,1.97,3.29
23148,General Furnishings,General Furnishings Sub,2011-04-21,1.48,2.46
23149,Kitchen & Dining,Kitchen & Dining Sub,2011-05-03,2.98,4.96
23150,Seasonal & Gifts,Seasonal & Gifts Sub,2011-04-21,2.98,4.96
23151,Seasonal & Gifts,Seasonal & Gifts Sub,2011-05-05,2.98,4.96
23152,Seasonal & Gifts,Seasonal & Gifts Sub,2011-04-20,4.48,7.46
23153,Seasonal & Gifts,Seasonal & Gifts Sub,2011-04-18,4.48,7.46
23154,General Furnishings,General Furnishings Sub,2011-03-25,2.97,4.95
23155,General Furnishings,General Furnishings Sub,2011-03-25,4.97,8.29
23156,General Furnishings,General Furnishings Sub,2011-03-25,2.48,4.13
23157,General Furnishings,General Furnishings Sub,2011-03-31,2.48,4.13
23158,General Furnishings,General Furnishings Sub,2011-03-25,2.48,4.13
23159,General Furnishings,General Furnishings Sub,2011-03-25,2.48,4.13
23160,Kitchen & Dining,Kitchen & Dining Sub,2011-05-03,1.48,2.46
23161,General Furnishings,General Furnishings Sub,2011-05-03,1.48,2.46
23162,Kitchen & Dining,Kitchen & Dining Sub,2011-04-27,4.48,7.46
23163,General Furnishings,General Furnishings Sub,2011-04-27,2.98,4.96
23164,General Furnishings,General Furnishings Sub,2011-05-03,5.98,9.96
23165,Storage & Accessories,Storage & Accessories Sub,2011-05-12,1.97,3.29
23166,Storage & Accessories,Storage & Accessories Sub,2011-01-18,1.48,2.46
23167,Storage & Accessories,Storage & Accessories Sub,2011-05-11,0.98,1.63
23168,General Furnishings,General Furnishings Sub,2011-05-12,3.92,6.54
23169,Kitchen & Dining,Kitchen & Dining Sub,2011-05-12,4.97,8.29
23170,Kitchen & Dining,Kitchen & Dining Sub,2011-05-10,1.97,3.29
23171,Kitchen & Dining,Kitchen & Dining Sub,2011-05-10,1.97,3.29
23172,Kitchen & Dining,Kitchen & Dining Sub,2011-05-10,1.97,3.29
23173,Kitchen & Dining,Kitchen & Dining Sub,2011-05-10,11.98,19.96
23174,Kitchen & Dining,Kitchen & Dining Sub,2011-05-10,4.97,8.29
23175,General Furnishings,General Furnishings Sub,2011-05-10,4.48,7.46
23176,Storage & Accessories,Storage & Accessories Sub,2011-03-02,2.97,4.95
23177,Storage & Accessories,Storage & Accessories Sub,2011-03-02,2.97,4.95
23178,Home Decor & Lighting,Home Decor & Lighting Sub,2011-03-03,3.47,5.79
23179,Home Decor & Lighting,Home Decor & Lighting Sub,2011-03-03,3.47,5.79
23180,Home Decor & Lighting,Home Decor & Lighting Sub,2011-03-04,6.47,10.79
23181,Kitchen & Dining,Kitchen & Dining Sub,2011-03-08,9.98,16.63
23182,Kitchen & Dining,Kitchen & Dining Sub,2011-03-01,1.5,2.5
23183,General Furnishings,General Furnishings Sub,2011-03-03,4.48,7.46
23184,Kitchen & Dining,Kitchen & Dining Sub,2011-03-06,6.47,10.79
23185,Storage & Accessories,Storage & Accessories Sub,2011-03-04,0.75,1.25
23186,Storage & Accessories,Storage & Accessories Sub,2011-03-08,0.75,1.25
23187,Storage & Accessories,Storage & Accessories Sub,2011-03-08,0.75,1.25
23188,Seasonal & Gifts,Seasonal & Gifts Sub,2011-06-14,2.37,3.95
23189,Home Decor & Lighting,Home Decor & Lighting Sub,2011-08-03,3.47,5.79
23190,General Furnishings,General Furnishings Sub,2011-05-09,1.97,3.29
23191,General Furnishings,General Furnishings Sub,2011-05-10,1.97,3.29
23192,General Furnishings,General Furnishings Sub,2011-05-10,2.37,3.95
23193,Storage & Accessories,Storage & Accessories Sub,2011-03-02,2.97,4.95
23194,Storage & Accessories,Storage & Accessories Sub,2011-03-02,2.97,4.95
23196,General Furnishings,General Furnishings Sub,2011-06-23,1.97,3.29
23197,General Furnishings,General Furnishings Sub,2011-06-23,1.97,3.29
23198,General Furnishings,General Furnishings Sub,2011-06-22,1.97,3.29
23199,Storage & Accessories,Storage & Accessories Sub,2011-04-11,2.48,4.13
23200,Storage & Accessories,Storage & Accessories Sub,2011-05-06,2.48,4.13
23201,Storage & Accessories,Storage & Accessories Sub,2011-04-11,2.97,4.95
23202,Storage & Accessories,Storage & Accessories Sub,2011-05-06,2.48,4.13
23203,Storage & Accessories,Storage & Accessories Sub,2011-05-06,2.97,4.95
23204,Storage & Accessories,Storage & Accessories Sub,2011-04-11,1.48,2.46
23205,Storage & Accessories,Storage & Accessories Sub,2011-04-11,1.48,2.46
23206,Storage & Accessories,Storage & Accessories Sub,2011-04-11,5.0,8.33
23207,Storage & Accessories,Storage & Accessories Sub,2011-04-11,5.0,8.33
23208,Storage & Accessories,Storage & Accessories Sub,2011-04-12,5.0,8.33
23209,Storage & Accessories,Storage & Accessories Sub,2011-05-08,2.48,4.13
23210,General Furnishings,General Furnishings Sub,2011-06-02,1.5,2.5
23211,General Furnishings,General Furnishings Sub,2011-06-02,1.5,2.5
23212,Seasonal & Gifts,Seasonal & Gifts Sub,2011-06-02,1.5,2.5
23213,Seasonal & Gifts,Seasonal & Gifts Sub,2011-06-02,1.48,2.46
23214,Seasonal & Gifts,Seasonal & Gifts Sub,2011-06-01,2.48,4.13
23215,Seasonal & Gifts,Seasonal & Gifts Sub,2011-06-01,2.48,4.13
23216,Seasonal & Gifts,Seasonal & Gifts Sub,2011-06-02,1.48,2.46
23217,Seasonal & Gifts,Seasonal & Gifts Sub,2011-06-02,1.5,2.5
23218,Seasonal & Gifts,Seasonal & Gifts Sub,2011-07-18,1.48,2.46
23219,Seasonal & Gifts,Seasonal & Gifts Sub,2011-06-02,1.5,2.5
23220,Seasonal & Gifts,Seasonal & Gifts Sub,2011-06-09,0.98,1.63
23221,Seasonal & Gifts,Seasonal & Gifts Sub,2011-05-31,0.98,1.63
23222,Seasonal & Gifts,Seasonal & Gifts Sub,2011-06-23,0.98,1.63
23223,Seasonal & Gifts,Seasonal & Gifts Sub,2011-06-23,0.98,1.63
23224,Seasonal & Gifts,Seasonal & Gifts Sub,2011-06-02,0.98,1.63
23225,Seasonal & Gifts,Seasonal & Gifts Sub,2011-06-02,0.98,1.63
23226,Seasonal & Gifts,Seasonal & Gifts Sub,2011-05-31,1.48,2.46
23227,Seasonal & Gifts,Seasonal & Gifts Sub,2011-05-26,1.48,2.46
23228,Seasonal & Gifts,Seasonal & Gifts Sub,2011-05-26,1.48,2.46
23229,Seasonal & Gifts,Seasonal & Gifts Sub,2011-06-14,4.48,7.46
23230,Seasonal & Gifts,Seasonal & Gifts Sub,2011-01-13,0.25,0.42
23231,Seasonal & Gifts,Seasonal & Gifts Sub,2011-01-12,0.25,0.42
23232,Seasonal & Gifts,Seasonal & Gifts Sub,2011-01-17,0.25,0.42
23233,Seasonal & Gifts,Seasonal & Gifts Sub,2011-01-16,0.25,0.42
23234,Seasonal & Gifts,Seasonal & Gifts Sub,2011-06-14,3.47,5.79
23235,Storage & Accessories,Storage & Accessories Sub,2011-06-08,3.47,5.79
23236,Storage & Accessories,Storage & Accessories Sub,2011-06-08,3.47,5.79
23237,General Furnishings,General Furnishings Sub,2011-06-08,4.97,8.29
23238,General Furnishings,General Furnishings Sub,2011-06-07,5.97,9.95
23239,General Furnishings,General Furnishings Sub,2011-06-08,4.97,8.29
23240,General Furnishings,General Furnishings Sub,2011-06-07,4.97,8.29
23241,Seasonal & Gifts,Seasonal & Gifts Sub,2011-06-08,2.48,4.13
23242,General Furnishings,General Furnishings Sub,2011-06-08,2.48,4.13
23243,Kitchen & Dining,Kitchen & Dining Sub,2011-06-08,6.47,10.79
23244,Storage & Accessories,Storage & Accessories Sub,2011-06-08,2.48,4.13
23245,General Furnishings,General Furnishings Sub,2011-06-08,6.47,10.79
23247,Seasonal & Gifts,Seasonal & Gifts Sub,2011-06-08,4.17,6.95
23249,Kitchen & Dining,Kitchen & Dining Sub,2011-06-14,1.97,3.29
23250,Kitchen & Dining,Kitchen & Dining Sub,2011-06-14,1.48,2.46
23251,Kitchen & Dining,Kitchen & Dining Sub,2011-06-14,1.48,2.46
23252,Seasonal & Gifts,Seasonal & Gifts Sub,2011-06-12,4.48,7.46
23253,Seasonal & Gifts,Seasonal & Gifts Sub,2011-04-18,19.97,33.29
23254,General Furnishings,General Furnishings Sub,2011-04-07,4.97,8.29
23255,General Furnishings,General Furnishings Sub,2011-04-10,4.97,8.29
23256,General Furnishings,General Furnishings Sub,2011-04-07,4.97,8.29
23263,Seasonal & Gifts,Seasonal & Gifts Sub,2011-06-02,1.5,2.5
23264,General Furnishings,General Furnishings Sub,2011-06-09,1.5,2.5
23265,General Furnishings,General Furnishings Sub,2011-06-09,1.5,2.5
23266,General Furnishings,General Furnishings Sub,2011-06-09,1.5,2.5
23267,General Furnishings,General Furnishings Sub,2011-06-23,1.48,2.46
23268,Seasonal & Gifts,Seasonal & Gifts Sub,2011-06-12,1.75,2.92
23269,Seasonal & Gifts,Seasonal & Gifts Sub,2011-06-12,1.75,2.92
23270,Seasonal & Gifts,Seasonal & Gifts Sub,2011-06-02,1.75,2.92
23271,Home Decor & Lighting,Home Decor & Lighting Sub,2011-06-13,0.98,1.63
23272,Storage & Accessories,Storage & Accessories Sub,2011-06-22,1.97,3.29
23273,Storage & Accessories,Storage & Accessories Sub,2011-06-05,1.97,3.29
23274,Storage & Accessories,Storage & Accessories Sub,2011-06-05,1.97,3.29
23275,General Furnishings,General Furnishings Sub,2011-06-02,1.48,2.46
23280,Home Decor & Lighting,Home Decor & Lighting Sub,2011-05-09,1.48,2.46
23281,Home Decor & Lighting,Home Decor & Lighting Sub,2011-05-10,1.48,2.46
23282,Home Decor & Lighting,Home Decor & Lighting Sub,2011-05-09,1.48,2.46
23283,Seasonal & Gifts,Seasonal & Gifts Sub,2011-04-27,9.47,15.79
23284,General Furnishings,General Furnishings Sub,2011-04-27,9.98,16.63
23285,Seasonal & Gifts,Seasonal & Gifts Sub,2011-06-12,0.98,1.63
23286,Seasonal & Gifts,Seasonal & Gifts Sub,2011-06-12,0.98,1.63
23287,Seasonal & Gifts,Seasonal & Gifts Sub,2011-06-13,0.98,1.63
23288,Seasonal & Gifts,Seasonal & Gifts Sub,2011-06-12,0.98,1.63
23289,Kitchen & Dining,Kitchen & Dining Sub,2011-06-13,1.48,2.46
23290,Kitchen & Dining,Kitchen & Dining Sub,2011-06-13,1.48,2.46
23291,Kitchen & Dining,Kitchen & Dining Sub,2011-06-13,1.48,2.46
23292,Kitchen & Dining,Kitchen & Dining Sub,2011-06-13,1.48,2.46
23293,Storage & Accessories,Storage & Accessories Sub,2011-07-12,1.48,2.46
23294,Storage & Accessories,Storage & Accessories Sub,2011-07-12,1.48,2.46
23295,Storage & Accessories,Storage & Accessories Sub,2011-07-12,1.48,2.46
23296,Kitchen & Dining,Kitchen & Dining Sub,2011-07-12,1.97,3.29
23297,Storage & Accessories,Storage & Accessories Sub,2011-07-12,1.97,3.29
23298,General Furnishings,General Furnishings Sub,2011-05-04,6.47,10.79
23299,General Furnishings,General Furnishings Sub,2011-05-04,4.48,7.46
23300,Kitchen & Dining,Kitchen & Dining Sub,2011-05-15,2.37,3.95
23301,General Furnishings,General Furnishings Sub,2011-05-15,2.48,4.13
23302,Seasonal & Gifts,Seasonal & Gifts Sub,2011-05-15,1.97,3.29
23303,General Furnishings,General Furnishings Sub,2011-10-26,1.17,1.95
23304,General Furnishings,General Furnishings Sub,2011-10-30,1.17,1.95
23305,General Furnishings,General Furnishings Sub,2011-10-23,1.17,1.95
23306,Seasonal & Gifts,Seasonal & Gifts Sub,2011-06-05,1.75,2.92
23307,Storage & Accessories,Storage & Accessories Sub,2011-06-03,0.75,1.25
23308,Storage & Accessories,Storage & Accessories Sub,2011-06-05,0.75,1.25
23309,Storage & Accessories,Storage & Accessories Sub,2011-06-02,0.9,1.5
23310,General Furnishings,General Furnishings Sub,2011-06-09,0.5,0.83
23311,Seasonal & Gifts,Seasonal & Gifts Sub,2011-07-14,3.57,5.95
23312,Seasonal & Gifts,Seasonal & Gifts Sub,2011-07-17,5.97,9.95
23313,Seasonal & Gifts,Seasonal & Gifts Sub,2011-07-12,7.77,12.95
23314,Seasonal & Gifts,Seasonal & Gifts Sub,2011-07-15,14.98,24.96
23315,Home Decor & Lighting,Home Decor & Lighting Sub,2011-06-23,11.98,19.96
23316,Home Decor & Lighting,Home Decor & Lighting Sub,2011-06-23,11.98,19.96
23317,Home Decor & Lighting,Home Decor & Lighting Sub,2011-06-26,11.98,19.96
23318,Storage & Accessories,Storage & Accessories Sub,2011-07-04,3.57,5.95
23319,Storage & Accessories,Storage & Accessories Sub,2011-07-07,3.57,5.95
23320,Seasonal & Gifts,Seasonal & Gifts Sub,2011-07-05,3.47,5.79
23321,Seasonal & Gifts,Seasonal & Gifts Sub,2011-06-09,2.37,3.95
23322,Seasonal & Gifts,Seasonal & Gifts Sub,2011-06-12,3.5,5.83
23323,Seasonal & Gifts,Seasonal & Gifts Sub,2011-06-23,2.48,4.13
23324,General Furnishings,General Furnishings Sub,2011-08-05,2.48,4.13
23325,General Furnishings,General Furnishings Sub,2011-08-11,1.97,3.29
23326,Kitchen & Dining,Kitchen & Dining Sub,2011-08-11,4.97,8.29
23327,Kitchen & Dining,Kitchen & Dining Sub,2011-08-10,0.98,1.63
23328,Kitchen & Dining,Kitchen & Dining Sub,2011-08-08,4.48,7.46
23329,Seasonal & Gifts,Seasonal & Gifts Sub,2011-08-07,2.37,3.95
23330,Seasonal & Gifts,Seasonal & Gifts Sub,2011-08-08,1.48,2.46
23331,Seasonal & Gifts,Seasonal & Gifts Sub,2011-08-10,0.75,1.25
23332,Seasonal & Gifts,Seasonal & Gifts Sub,2011-08-07,2.37,3.95
23333,Seasonal & Gifts,Seasonal & Gifts Sub,2011-08-08,1.48,2.46
23334,Seasonal & Gifts,Seasonal & Gifts Sub,2011-08-08,0.75,1.25
23335,General Furnishings,General Furnishings Sub,2011-06-13,2.48,4.13
23336,General Furnishings,General Furnishings Sub,2011-06-13,2.48,4.13
23337,General Furnishings,General Furnishings Sub,2011-06-13,2.48,4.13
23338,General Furnishings,General Furnishings Sub,2011-06-12,2.48,4.13
23339,General Furnishings,General Furnishings Sub,2011-06-13,2.48,4.13
23340,Seasonal & Gifts,Seasonal & Gifts Sub,2011-07-31,1.97,3.29
23341,Home Decor & Lighting,Home Decor & Lighting Sub,2011-06-24,9.98,16.63
23342,Home Decor & Lighting,Home Decor & Lighting Sub,2011-06-24,9.98,16.63
23343,Storage & Accessories,Storage & Accessories Sub,2011-06-13,2.97,4.95
23344,Storage & Accessories,Storage & Accessories Sub,2011-06-15,2.97,4.95
23345,General Furnishings,General Furnishings Sub,2011-07-24,1.48,2.46
23346,General Furnishings,General Furnishings Sub,2011-07-24,1.48,2.46
23347,General Furnishings,General Furnishings Sub,2011-07-24,1.48,2.46
23348,General Furnishings,General Furnishings Sub,2011-04-18,2.48,4.13
23349,Seasonal & Gifts,Seasonal & Gifts Sub,2011-08-04,1.48,2.46
23350,Seasonal & Gifts,Seasonal & Gifts Sub,2011-08-04,1.48,2.46
23351,Seasonal & Gifts,Seasonal & Gifts Sub,2011-08-04,1.77,2.95
23352,Seasonal & Gifts,Seasonal & Gifts Sub,2011-08-04,1.77,2.95
23353,Seasonal & Gifts,Seasonal & Gifts Sub,2011-08-02,0.98,1.63
23354,Seasonal & Gifts,Seasonal & Gifts Sub,2011-08-02,1.17,1.95
23355,Kitchen & Dining,Kitchen & Dining Sub,2011-08-22,7.78,12.96
23356,Kitchen & Dining,Kitchen & Dining Sub,2011-08-22,7.48,12.46
23357,Kitchen & Dining,Kitchen & Dining Sub,2011-08-21,7.48,12.46
23358,Kitchen & Dining,Kitchen & Dining Sub,2011-08-21,4.97,8.29
23359,Home Decor & Lighting,Home Decor & Lighting Sub,2011-08-02,2.48,4.13
23360,Home Decor & Lighting,Home Decor & Lighting Sub,2011-08-02,2.97,4.95
23365,General Furnishings,General Furnishings Sub,2011-09-22,0.9,1.5
23366,General Furnishings,General Furnishings Sub,2011-09-22,0.9,1.5
23367,General Furnishings,General Furnishings Sub,2011-09-22,0.9,1.5
23368,General Furnishings,General Furnishings Sub,2011-09-22,0.75,1.25
23369,General Furnishings,General Furnishings Sub,2011-09-22,1.77,2.95
23370,General Furnishings,General Furnishings Sub,2011-09-22,1.77,2.95
23371,General Furnishings,General Furnishings Sub,2011-09-22,1.77,2.95
23372,General Furnishings,General Furnishings Sub,2011-09-22,1.48,2.46
23373,Storage & Accessories,Storage & Accessories Sub,2011-08-02,0.98,1.63
23374,Storage & Accessories,Storage & Accessories Sub,2011-08-02,0.98,1.63
23375,Storage & Accessories,Storage & Accessories Sub,2011-08-22,0.98,1.63
23376,Seasonal & Gifts,Seasonal & Gifts Sub,2011-09-01,0.6,1.0
23377,General Furnishings,General Furnishings Sub,2011-09-04,0.5,0.83
23378,Seasonal & Gifts,Seasonal & Gifts Sub,2011-09-01,0.6,1.0
23379,General Furnishings,General Furnishings Sub,2011-09-05,0.5,0.83
23380,Seasonal & Gifts,Seasonal & Gifts Sub,2011-09-05,0.6,1.0
23381,Seasonal & Gifts,Seasonal & Gifts Sub,2011-09-05,0.5,0.83
23382,Storage & Accessories,Storage & Accessories Sub,2011-10-13,4.48,7.46
23388,General Furnishings,General Furnishings Sub,2011-09-11,5.97,9.95
23389,General Furnishings,General Furnishings Sub,2011-09-11,5.97,9.95
23390,General Furnishings,General Furnishings Sub,2011-09-11,4.97,8.29
23391,General Furnishings,General Furnishings Sub,2011-09-11,4.97,8.29
23392,General Furnishings,General Furnishings Sub,2011-09-06,2.48,4.13
23393,General Furnishings,General Furnishings Sub,2011-09-04,6.47,10.79
23394,General Furnishings,General Furnishings Sub,2011-09-04,6.47,10.79
23395,General Furnishings,General Furnishings Sub,2011-09-04,6.47,10.79
23396,General Furnishings,General Furnishings Sub,2011-09-04,6.47,10.79
23397,General Furnishings,General Furnishings Sub,2011-09-04,11.98,19.96
23398,Seasonal & Gifts,Seasonal & Gifts Sub,2011-09-04,1.25,2.08
23399,Seasonal & Gifts,Seasonal & Gifts Sub,2011-09-04,1.25,2.08
23400,General Furnishings,General Furnishings Sub,2011-09-06,7.48,12.46
23401,Home Decor & Lighting,Home Decor & Lighting Sub,2011-09-07,7.48,12.46
23402,General Furnishings,General Furnishings Sub,2011-09-05,4.48,7.46
23403,Storage & Accessories,Storage & Accessories Sub,2011-09-05,4.48,7.46
23404,General Furnishings,General Furnishings Sub,2011-09-05,6.47,10.79
23405,General Furnishings,General Furnishings Sub,2011-09-05,6.47,10.79
23406,Storage & Accessories,Storage & Accessories Sub,2011-09-05,7.48,12.46
23407,General Furnishings,General Furnishings Sub,2011-09-04,9.98,16.63
23408,General Furnishings,General Furnishings Sub,2011-09-07,1.25,2.08
23409,General Furnishings,General Furnishings Sub,2011-09-07,4.48,7.46
23410,General Furnishings,General Furnishings Sub,2011-09-08,4.89,8.15
23411,General Furnishings,General Furnishings Sub,2011-09-04,6.47,10.79
23412,Home Decor & Lighting,Home Decor & Lighting Sub,2011-09-06,9.47,15.79
23413,Kitchen & Dining,Kitchen & Dining Sub,2011-09-07,6.47,10.79
23414,Storage & Accessories,Storage & Accessories Sub,2011-09-04,12.47,20.79
23415,General Furnishings,General Furnishings Sub,2011-09-07,1.97,3.29
23416,General Furnishings,General Furnishings Sub,2011-09-12,1.97,3.29
23417,General Furnishings,General Furnishings Sub,2011-09-07,1.97,3.29
23418,Kitchen & Dining,Kitchen & Dining Sub,2011-09-11,2.48,4.13
23419,Kitchen & Dining,Kitchen & Dining Sub,2011-09-11,2.48,4.13
23420,Kitchen & Dining,Kitchen & Dining Sub,2011-09-15,2.48,4.13
23421,General Furnishings,General Furnishings Sub,2011-09-08,2.48,4.13
23422,General Furnishings,General Furnishings Sub,2011-09-07,2.48,4.13
23423,General Furnishings,General Furnishings Sub,2011-09-08,4.48,7.46
23424,Storage & Accessories,Storage & Accessories Sub,2011-09-04,6.47,10.79
23425,Storage & Accessories,Storage & Accessories Sub,2011-09-04,2.98,4.96
23426,Seasonal & Gifts,Seasonal & Gifts Sub,2011-09-05,3.47,5.79
23427,General Furnishings,General Furnishings Sub,2011-09-04,14.98,24.96
23428,Home Decor & Lighting,Home Decor & Lighting Sub,2011-11-17,9.98,16.63
23429,Home Decor & Lighting,Home Decor & Lighting Sub,2011-11-21,9.98,16.63
23430,Home Decor & Lighting,Home Decor & Lighting Sub,2011-11-20,9.98,16.63
23431,Seasonal & Gifts,Seasonal & Gifts Sub,2011-08-26,6.47,10.79
23432,Seasonal & Gifts,Seasonal & Gifts Sub,2011-08-31,6.47,10.79
23433,General Furnishings,General Furnishings Sub,2011-08-26,6.47,10.79
23434,Seasonal & Gifts,Seasonal & Gifts Sub,2011-09-11,1.25,2.08
23435,Seasonal & Gifts,Seasonal & Gifts Sub,2011-09-09,2.48,4.13
23436,Storage & Accessories,Storage & Accessories Sub,2011-08-02,1.48,2.46
23437,Storage & Accessories,Storage & Accessories Sub,2011-08-22,1.48,2.46
23438,Storage & Accessories,Storage & Accessories Sub,2011-08-03,1.48,2.46
23439,Seasonal & Gifts,Seasonal & Gifts Sub,2011-08-24,2.97,4.95
23440,General Furnishings,General Furnishings Sub,2011-11-24,1.25,2.08
23441,General Furnishings,General Furnishings Sub,2011-11-23,0.25,0.42
23442,General Furnishings,General Furnishings Sub,2011-11-15,1.25,2.08
23444,General Furnishings,General Furnishings Sub,2011-05-26,18.0,30.0
23445,General Furnishings,General Furnishings Sub,2011-08-24,0.98,1.63
23446,Storage & Accessories,Storage & Accessories Sub,2011-10-10,0.99,1.65
23447,Storage & Accessories,Storage & Accessories Sub,2011-10-10,0.99,1.65
23448,Storage & Accessories,Storage & Accessories Sub,2011-10-10,0.99,1.65
23449,General Furnishings,General Furnishings Sub,2011-11-15,0.75,1.25
23451,General Furnishings,General Furnishings Sub,2011-10-14,2.48,4.13
23452,Seasonal & Gifts,Seasonal & Gifts Sub,2011-10-14,2.48,4.13
23453,General Furnishings,General Furnishings Sub,2011-10-14,2.48,4.13
23454,General Furnishings,General Furnishings Sub,2011-10-21,4.97,8.29
23455,General Furnishings,General Furnishings Sub,2011-10-16,1.73,2.89
23456,General Furnishings,General Furnishings Sub,2011-10-16,2.49,4.15
23457,General Furnishings,General Furnishings Sub,2011-10-16,6.47,10.79
23458,General Furnishings,General Furnishings Sub,2011-10-17,8.97,14.95
23459,General Furnishings,General Furnishings Sub,2011-10-16,7.5,12.5
23460,Seasonal & Gifts,Seasonal & Gifts Sub,2011-10-20,5.97,9.95
23461,Seasonal & Gifts,Seasonal & Gifts Sub,2011-09-29,4.97,8.29
23462,Home Decor & Lighting,Home Decor & Lighting Sub,2011-10-20,24.98,41.63
23463,Seasonal & Gifts,Seasonal & Gifts Sub,2011-10-16,12.0,20.0
23464,Seasonal & Gifts,Seasonal & Gifts Sub,2011-10-16,6.0,10.0
23465,General Furnishings,General Furnishings Sub,2011-10-04,9.98,16.63
23466,General Furnishings,General Furnishings Sub,2011-09-30,9.98,16.63
23467,Seasonal & Gifts,Seasonal & Gifts Sub,2011-10-17,3.75,6.25
23468,General Furnishings,General Furnishings Sub,2011-10-06,4.95,8.25
23469,Storage & Accessories,Storage & Accessories Sub,2011-09-30,4.97,8.29
23470,Storage & Accessories,Storage & Accessories Sub,2011-10-02,7.48,12.46
23471,General Furnishings,General Furnishings Sub,2011-09-30,12.47,20.79
23472,General Furnishings,General Furnishings Sub,2011-10-02,17.48,29.13
23473,Seasonal & Gifts,Seasonal & Gifts Sub,2011-10-20,0.98,1.63
23474,Seasonal & Gifts,Seasonal & Gifts Sub,2011-10-24,0.98,1.63
23475,Seasonal & Gifts,Seasonal & Gifts Sub,2011-10-27,0.98,1.63
23476,Seasonal & Gifts,Seasonal & Gifts Sub,2011-10-20,1.48,2.46
23477,Seasonal & Gifts,Seasonal & Gifts Sub,2011-10-20,1.48,2.46
23478,Seasonal & Gifts,Seasonal & Gifts Sub,2011-10-20,1.48,2.46
23479,Storage & Accessories,Storage & Accessories Sub,2011-10-17,8.98,14.96
23480,Home Decor & Lighting,Home Decor & Lighting Sub,2011-10-19,4.48,7.46
23481,Seasonal & Gifts,Seasonal & Gifts Sub,2011-10-17,1.48,2.46
23482,Seasonal & Gifts,Seasonal & Gifts Sub,2011-10-14,1.97,3.29
23483,Storage & Accessories,Storage & Accessories Sub,2011-10-03,9.47,15.79
23484,Storage & Accessories,Storage & Accessories Sub,2011-09-30,3.47,5.79
23485,Home Decor & Lighting,Home Decor & Lighting Sub,2011-10-20,29.98,49.96
23486,Seasonal & Gifts,Seasonal & Gifts Sub,2011-10-20,19.97,33.29
23487,Seasonal & Gifts,Seasonal & Gifts Sub,2011-10-14,12.47,20.79
23489,Seasonal & Gifts,Seasonal & Gifts Sub,2011-10-20,3.47,5.79
23490,Storage & Accessories,Storage & Accessories Sub,2011-10-14,4.48,7.46
23491,Seasonal & Gifts,Seasonal & Gifts Sub,2011-10-20,9.98,16.63
23492,Seasonal & Gifts,Seasonal & Gifts Sub,2011-10-20,9.98,16.63
23493,Seasonal & Gifts,Seasonal & Gifts Sub,2011-09-22,2.97,4.95
23494,Seasonal & Gifts,Seasonal & Gifts Sub,2011-09-25,8.97,14.95
23495,General Furnishings,General Furnishings Sub,2011-10-30,1.48,2.46
23496,General Furnishings,General Furnishings Sub,2011-10-30,1.48,2.46
23497,General Furnishings,General Furnishings Sub,2011-10-28,1.97,3.29
23498,General Furnishings,General Furnishings Sub,2011-11-25,1.97,3.29
23499,Seasonal & Gifts,Seasonal & Gifts Sub,2011-10-20,0.6,1.0
23500,General Furnishings,General Furnishings Sub,2011-10-04,1.48,2.46
23501,General Furnishings,General Furnishings Sub,2011-10-05,1.48,2.46
23502,Seasonal & Gifts,Seasonal & Gifts Sub,2011-09-22,1.77,2.95
23503,General Furnishings,General Furnishings Sub,2011-09-22,1.77,2.95
23504,General Furnishings,General Furnishings Sub,2011-09-22,1.77,2.95
23505,General Furnishings,General Furnishings Sub,2011-09-22,1.77,2.95
23506,General Furnishings,General Furnishings Sub,2011-09-22,0.5,0.83
23507,General Furnishings,General Furnishings Sub,2011-09-22,0.5,0.83
23508,General Furnishings,General Furnishings Sub,2011-09-22,0.6,1.0
23509,General Furnishings,General Furnishings Sub,2011-09-22,0.5,0.83
23510,General Furnishings,General Furnishings Sub,2011-09-22,0.6,1.0
23511,General Furnishings,General Furnishings Sub,2011-09-22,2.97,4.95
23512,General Furnishings,General Furnishings Sub,2011-09-22,2.48,4.13
23513,General Furnishings,General Furnishings Sub,2011-09-22,2.48,4.13
23514,General Furnishings,General Furnishings Sub,2011-09-22,2.48,4.13
23515,General Furnishings,General Furnishings Sub,2011-09-22,2.97,4.95
23516,General Furnishings,General Furnishings Sub,2011-09-25,4.17,6.95
23517,General Furnishings,General Furnishings Sub,2011-09-22,4.17,6.95
23518,General Furnishings,General Furnishings Sub,2011-09-22,4.17,6.95
23519,General Furnishings,General Furnishings Sub,2011-09-25,4.48,7.46
23520,General Furnishings,General Furnishings Sub,2011-09-22,4.48,7.46
23521,General Furnishings,General Furnishings Sub,2011-10-03,3.47,5.79
23522,General Furnishings,General Furnishings Sub,2011-10-03,3.47,5.79
23523,General Furnishings,General Furnishings Sub,2011-10-03,4.48,7.46
23524,General Furnishings,General Furnishings Sub,2011-10-02,4.48,7.46
23525,General Furnishings,General Furnishings Sub,2011-10-02,4.48,7.46
23526,General Furnishings,General Furnishings Sub,2011-10-03,8.97,14.95
23527,General Furnishings,General Furnishings Sub,2011-10-03,4.48,7.46
23528,General Furnishings,General Furnishings Sub,2011-10-03,4.48,7.46
23529,General Furnishings,General Furnishings Sub,2011-10-03,4.48,7.46
23530,General Furnishings,General Furnishings Sub,2011-10-03,6.47,10.79
23531,General Furnishings,General Furnishings Sub,2011-10-03,8.48,14.13
23532,General Furnishings,General Furnishings Sub,2011-10-02,6.47,10.79
23533,General Furnishings,General Furnishings Sub,2011-10-03,7.48,12.46
23534,Kitchen & Dining,Kitchen & Dining Sub,2011-10-02,8.97,14.95
23535,General Furnishings,General Furnishings Sub,2011-10-02,8.97,14.95
23536,General Furnishings,General Furnishings Sub,2011-10-03,9.65,16.09
23537,General Furnishings,General Furnishings Sub,2011-10-03,6.47,10.79
23538,Seasonal & Gifts,Seasonal & Gifts Sub,2011-10-03,7.48,12.46
23539,General Furnishings,General Furnishings Sub,2011-10-02,7.48,12.46
23540,General Furnishings,General Furnishings Sub,2011-10-03,8.48,14.13
23541,General Furnishings,General Furnishings Sub,2011-10-02,9.98,16.63
23542,General Furnishings,General Furnishings Sub,2011-10-03,9.98,16.63
23543,General Furnishings,General Furnishings Sub,2011-10-03,9.98,16.63
23544,General Furnishings,General Furnishings Sub,2011-10-03,4.95,8.25
23545,General Furnishings,General Furnishings Sub,2011-07-20,0.25,0.42
23546,General Furnishings,General Furnishings Sub,2011-07-19,0.25,0.42
23547,General Furnishings,General Furnishings Sub,2011-07-20,0.25,0.42
23548,General Furnishings,General Furnishings Sub,2011-07-20,0.25,0.42
23549,General Furnishings,General Furnishings Sub,2011-07-19,0.25,0.42
23550,General Furnishings,General Furnishings Sub,2011-07-18,0.25,0.42
23551,General Furnishings,General Furnishings Sub,2011-09-01,0.6,1.0
23552,General Furnishings,General Furnishings Sub,2011-11-25,2.48,4.13
23553,General Furnishings,General Furnishings Sub,2011-10-20,14.98,24.96
23554,General Furnishings,General Furnishings Sub,2011-10-19,14.98,24.96
23555,General Furnishings,General Furnishings Sub,2011-10-19,14.98,24.96
23556,General Furnishings,General Furnishings Sub,2011-10-19,14.98,24.96
23557,General Furnishings,General Furnishings Sub,2011-10-19,14.98,24.96
23558,General Furnishings,General Furnishings Sub,2011-10-19,14.98,24.96
23559,General Furnishings,General Furnishings Sub,2011-09-08,2.48,4.13
23560,General Furnishings,General Furnishings Sub,2011-11-27,3.47,5.79
23561,Seasonal & Gifts,Seasonal & Gifts Sub,2011-11-27,3.47,5.79
23562,General Furnishings,General Furnishings Sub,2011-11-27,3.47,5.79
23564,Kitchen & Dining,Kitchen & Dining Sub,2011-10-13,1.48,2.46
23565,Kitchen & Dining,Kitchen & Dining Sub,2011-10-16,1.48,2.46
23566,Kitchen & Dining,Kitchen & Dining Sub,2011-10-17,1.48,2.46
23567,Kitchen & Dining,Kitchen & Dining Sub,2011-10-14,1.48,2.46
23568,Kitchen & Dining,Kitchen & Dining Sub,2011-10-16,1.48,2.46
23569,General Furnishings,General Furnishings Sub,2011-10-21,6.47,10.79
23570,General Furnishings,General Furnishings Sub,2011-10-21,1.77,2.95
23571,General Furnishings,General Furnishings Sub,2011-10-21,2.37,3.95
23574,General Furnishings,General Furnishings Sub,2011-07-06,4.5,7.5
23575,General Furnishings,General Furnishings Sub,2011-11-27,2.48,4.13
23576,Seasonal & Gifts,Seasonal & Gifts Sub,2011-11-27,2.48,4.13
23578,General Furnishings,General Furnishings Sub,2011-11-27,2.48,4.13
23579,General Furnishings,General Furnishings Sub,2011-10-18,2.48,4.13
23580,General Furnishings,General Furnishings Sub,2011-11-27,2.48,4.13
23581,Storage & Accessories,Storage & Accessories Sub,2011-10-25,2.97,4.95
23582,Storage & Accessories,Storage & Accessories Sub,2011-10-25,2.97,4.95
23583,Storage & Accessories,Storage & Accessories Sub,2011-10-25,2.48,4.13
23597,General Furnishings,General Furnishings Sub,2011-11-10,3.47,5.79
23598,Seasonal & Gifts,Seasonal & Gifts Sub,2011-11-10,3.47,5.79
23601,General Furnishings,General Furnishings Sub,2011-09-23,1.49,2.49
23602,General Furnishings,General Furnishings Sub,2011-11-11,1.75,2.91
23603,General Furnishings,General Furnishings Sub,2011-10-14,1.49,2.49
23604,General Furnishings,General Furnishings Sub,2011-10-03,1.0,1.66
23605,General Furnishings,General Furnishings Sub,2011-10-05,1.75,2.91
23607,General Furnishings,General Furnishings Sub,2011-09-13,1.0,1.66
23608,General Furnishings,General Furnishings Sub,2011-11-03,1.75,2.91
23609,General Furnishings,General Furnishings Sub,2011-11-28,1.75,2.91
23610,Seasonal & Gifts,Seasonal & Gifts Sub,2011-09-23,1.25,2.08
23611,General Furnishings,General Furnishings Sub,2011-09-12,1.49,2.49
23612,General Furnishings,General Furnishings Sub,2011-10-06,1.0,1.66
23613,General Furnishings,General Furnishings Sub,2011-09-07,1.49,2.49
23614,General Furnishings,General Furnishings Sub,2011-09-07,2.0,3.33
23615,General Furnishings,General Furnishings Sub,2011-10-27,1.49,2.49
23616,General Furnishings,General Furnishings Sub,2011-11-09,1.49,2.49
23617,General Furnishings,General Furnishings Sub,2011-11-29,1.75,2.91
23619,General Furnishings,General Furnishings Sub,2011-10-05,1.49,2.49
23620,General Furnishings,General Furnishings Sub,2011-09-02,1.49,2.49
23621,General Furnishings,General Furnishings Sub,2011-11-11,1.49,2.49
23623,Seasonal & Gifts,Seasonal & Gifts Sub,2011-09-02,1.75,2.91
23624,General Furnishings,General Furnishings Sub,2011-09-22,1.49,2.49
23625,General Furnishings,General Furnishings Sub,2011-09-15,2.99,4.99
23626,General Furnishings,General Furnishings Sub,2011-10-03,1.49,2.49
23627,General Furnishings,General Furnishings Sub,2011-11-11,1.49,2.49
23628,General Furnishings,General Furnishings Sub,2011-10-31,1.75,2.91
23629,General Furnishings,General Furnishings Sub,2011-09-21,1.49,2.49
23630,General Furnishings,General Furnishings Sub,2011-09-22,1.79,2.99
23632,General Furnishings,General Furnishings Sub,2011-09-23,1.25,2.08
23633,General Furnishings,General Furnishings Sub,2011-10-31,1.49,2.49
23634,General Furnishings,General Furnishings Sub,2011-09-02,1.75,2.91
23635,Seasonal & Gifts,Seasonal & Gifts Sub,2011-10-05,2.5,4.16
23636,General Furnishings,General Furnishings Sub,2011-10-24,1.75,2.91
23637,General Furnishings,General Furnishings Sub,2011-09-07,1.49,2.49
23638,General Furnishings,General Furnishings Sub,2011-09-27,1.75,2.91
23639,General Furnishings,General Furnishings Sub,2011-09-15,2.0,3.33
23640,General Furnishings,General Furnishings Sub,2011-09-07,1.49,2.49
23643,Seasonal & Gifts,Seasonal & Gifts Sub,2011-10-31,2.0,3.33
23644,Seasonal & Gifts,Seasonal & Gifts Sub,2011-09-30,2.0,3.33
23645,Seasonal & Gifts,Seasonal & Gifts Sub,2011-10-27,1.49,2.49
23646,General Furnishings,General Furnishings Sub,2011-09-07,1.49,2.49
23649,General Furnishings,General Furnishings Sub,2011-11-15,1.49,2.49
23650,General Furnishings,General Furnishings Sub,2011-09-27,1.49,2.49
23652,Seasonal & Gifts,Seasonal & Gifts Sub,2011-11-17,1.75,2.91
23654,General Furnishings,General Furnishings Sub,2011-10-27,1.49,2.49
23660,Kitchen & Dining,Kitchen & Dining Sub,2011-10-13,2.48,4.13
23661,Kitchen & Dining,Kitchen & Dining Sub,2011-10-13,2.48,4.13
23664,Kitchen & Dining,Kitchen & Dining Sub,2011-11-11,0.99,1.65
23681,Storage & Accessories,Storage & Accessories Sub,2011-11-06,2.48,4.13
23691,General Furnishings,General Furnishings Sub,2011-11-02,0.25,0.42
23692,General Furnishings,General Furnishings Sub,2011-11-09,0.25,0.42
23694,General Furnishings,General Furnishings Sub,2011-11-14,0.5,0.83
23695,General Furnishings,General Furnishings Sub,2011-11-09,0.5,0.83
23697,General Furnishings,General Furnishings Sub,2011-11-09,0.5,0.83
23702,General Furnishings,General Furnishings Sub,2011-10-19,12.6,21.0
23843,General Furnishings,General Furnishings Sub,2011-12-09,1.25,2.08
30086C,General Furnishings,General Furnishings Sub,2009-12-01,1.02,1.7
35001B,General Furnishings,General Furnishings Sub,2009-12-17,2.09,3.49
35001G,General Furnishings,General Furnishings Sub,2009-12-01,5.19,8.65
35001P,General Furnishings,General Furnishings Sub,2009-12-14,2.09,3.49
35001W,General Furnishings,General Furnishings Sub,2009-12-01,5.19,8.65
35004B,General Furnishings,General Furnishings Sub,2009-12-01,7.8,13.0
35004C,General Furnishings,General Furnishings Sub,2009-12-02,7.8,13.0
35004G,General Furnishings,General Furnishings Sub,2009-12-01,7.8,13.0
35004P,General Furnishings,General Furnishings Sub,2009-12-01,7.8,13.0
35004S,General Furnishings,General Furnishings Sub,2009-12-01,7.8,13.0
35004c,General Furnishings,General Furnishings Sub,2009-12-01,7.8,13.0
35004p,General Furnishings,General Furnishings Sub,2010-10-22,7.63,12.72
35004s,General Furnishings,General Furnishings Sub,2009-12-01,7.8,13.0
35015,General Furnishings,General Furnishings Sub,2009-12-02,0.77,1.28
35051B,Seasonal & Gifts,Seasonal & Gifts Sub,2009-12-01,0.25,0.42
35071,Seasonal & Gifts,Seasonal & Gifts Sub,2009-12-01,3.1,5.17
35085E,Home Decor & Lighting,Home Decor & Lighting Sub,2009-12-01,0.75,1.25
35095A,Storage & Accessories,Storage & Accessories Sub,2009-12-01,0.52,0.86
35095B,Storage & Accessories,Storage & Accessories Sub,2009-12-01,0.52,0.86
35096A,Storage & Accessories,Storage & Accessories Sub,2009-12-02,0.52,0.86
35096B,Storage & Accessories,Storage & Accessories Sub,2009-12-02,0.52,0.86
35160,Storage & Accessories,Storage & Accessories Sub,2009-12-01,0.51,0.85
35233,General Furnishings,General Furnishings Sub,2009-12-08,2.25,3.75
35240,General Furnishings,General Furnishings Sub,2010-05-27,5.09,8.49
35241,General Furnishings,General Furnishings Sub,2009-12-02,6.1,10.17
35265,Kitchen & Dining,Kitchen & Dining Sub,2010-05-25,4.17,6.95
35271S,Storage & Accessories,Storage & Accessories Sub,2009-12-05,0.5,0.84
35400,Storage & Accessories,Storage & Accessories Sub,2009-12-01,10.41,17.35
35443,General Furnishings,General Furnishings Sub,2009-12-06,0.51,0.85
35471A,General Furnishings,General Furnishings Sub,2009-12-01,1.54,2.57
35471D,Home Decor & Lighting,Home Decor & Lighting Sub,2009-12-01,1.54,2.57
35537,Home Decor & Lighting,Home Decor & Lighting Sub,2009-12-06,0.25,0.42
35591T,Seasonal & Gifts,Seasonal & Gifts Sub,2010-09-05,0.75,1.25
35594,Seasonal & Gifts,Seasonal & Gifts Sub,2009-12-01,1.02,1.7
35596,General Furnishings,General Furnishings Sub,2010-10-12,0.51,0.85
35597A,Seasonal & Gifts,Seasonal & Gifts Sub,2010-09-06,0.75,1.25
35597B,Seasonal & Gifts,Seasonal & Gifts Sub,2009-12-13,2.02,3.36
35597D,Seasonal & Gifts,Seasonal & Gifts Sub,2009-12-04,0.39,0.65
35598A,Seasonal & Gifts,Seasonal & Gifts Sub,2009-12-07,1.77,2.95
35598B,Seasonal & Gifts,Seasonal & Gifts Sub,2009-12-01,4.15,6.91
35598C,Seasonal & Gifts,Seasonal & Gifts Sub,2009-12-18,1.77,2.95
35598D,Seasonal & Gifts,Seasonal & Gifts Sub,2009-12-02,1.54,2.57
35599B,Seasonal & Gifts,Seasonal & Gifts Sub,2009-12-02,10.41,17.35
35599D,Seasonal & Gifts,Seasonal & Gifts Sub,2009-12-01,3.62,6.04
35600D,Seasonal & Gifts,Seasonal & Gifts Sub,2009-12-01,13.02,21.7
35603B,General Furnishings,General Furnishings Sub,2009-12-17,0.25,0.42
35603C,General Furnishings,General Furnishings Sub,2009-12-02,1.26,2.1
35607A,Seasonal & Gifts,Seasonal & Gifts Sub,2009-12-11,1.0,1.66
35607B,Seasonal & Gifts,Seasonal & Gifts Sub,2009-12-11,1.02,1.7
35609A,Seasonal & Gifts,Seasonal & Gifts Sub,2009-12-02,1.54,2.57
35610A,Seasonal & Gifts,Seasonal & Gifts Sub,2009-12-07,1.54,2.57
35610B,Seasonal & Gifts,Seasonal & Gifts Sub,2009-12-02,0.75,1.25
35610C,Seasonal & Gifts,Seasonal & Gifts Sub,2009-12-10,1.54,2.57
35611B,General Furnishings,General Furnishings Sub,2009-12-03,4.67,7.78
35633B,General Furnishings,General Furnishings Sub,2009-12-04,0.11,0.19
35637A,General Furnishings,General Furnishings Sub,2009-12-13,11.72,19.53
35637C,General Furnishings,General Furnishings Sub,2010-01-14,11.72,19.53
35638A,General Furnishings,General Furnishings Sub,2010-01-25,3.57,5.95
35638B,General Furnishings,General Furnishings Sub,2009-12-09,11.98,19.96
35644,General Furnishings,General Furnishings Sub,2010-02-03,1.17,1.95
35645,Storage & Accessories,Storage & Accessories Sub,2009-12-09,5.19,8.65
35646,Storage & Accessories,Storage & Accessories Sub,2009-12-02,5.08,8.47
35647,Seasonal & Gifts,Seasonal & Gifts Sub,2009-12-08,1.54,2.57
35648,Seasonal & Gifts,Seasonal & Gifts Sub,2009-12-02,3.62,6.04
35649,Storage & Accessories,Storage & Accessories Sub,2009-12-02,4.15,6.91
35650,Seasonal & Gifts,Seasonal & Gifts Sub,2010-06-03,2.97,4.95
35651,Seasonal & Gifts,Seasonal & Gifts Sub,2009-12-02,9.68,16.13
35652,Storage & Accessories,Storage & Accessories Sub,2009-12-16,4.05,6.75
35653,Seasonal & Gifts,Seasonal & Gifts Sub,2009-12-02,3.62,6.04
35654,Seasonal & Gifts,Seasonal & Gifts Sub,2010-01-05,2.97,4.95
35751C,Home Decor & Lighting,Home Decor & Lighting Sub,2009-12-01,0.45,0.75
35751D,Home Decor & Lighting,Home Decor & Lighting Sub,2009-12-02,0.11,0.19
35793,Seasonal & Gifts,Seasonal & Gifts Sub,2009-12-01,3.62,6.04
35809A,Kitchen & Dining,Kitchen & Dining Sub,2009-12-03,2.58,4.3
35809B,Kitchen & Dining,Kitchen & Dining Sub,2009-12-02,2.53,4.21
35809a,Kitchen & Dining,Kitchen & Dining Sub,2010-11-26,2.53,4.21
35810A,Kitchen & Dining,Kitchen & Dining Sub,2009-12-03,2.58,4.3
35810B,Kitchen & Dining,Kitchen & Dining Sub,2009-12-02,2.53,4.21
35811A,General Furnishings,General Furnishings Sub,2009-12-03,2.58,4.3
35815B,General Furnishings,General Furnishings Sub,2009-12-07,2.58,4.3
35815P,General Furnishings,General Furnishings Sub,2010-10-18,1.26,2.1
35816B,General Furnishings,General Furnishings Sub,2009-12-16,1.54,2.57
35816P,General Furnishings,General Furnishings Sub,2010-02-18,1.51,2.51
35817B,General Furnishings,General Furnishings Sub,2009-12-03,3.1,5.17
35817P,General Furnishings,General Furnishings Sub,2010-05-14,3.04,5.06
35818B,General Furnishings,General Furnishings Sub,2010-04-13,2.02,3.36
35818C,General Furnishings,General Furnishings Sub,2009-12-14,2.06,3.43
35818P,General Furnishings,General Furnishings Sub,2010-05-14,2.02,3.36
35819B,General Furnishings,General Furnishings Sub,2009-12-14,1.54,2.57
35819P,General Furnishings,General Furnishings Sub,2011-09-16,0.75,1.25
35821B,General Furnishings,General Furnishings Sub,2009-12-10,0.23,0.38
35821P,General Furnishings,General Furnishings Sub,2009-12-02,1.77,2.95
35822B,General Furnishings,General Furnishings Sub,2010-01-27,0.23,0.38
35822P,General Furnishings,General Furnishings Sub,2010-01-27,0.23,0.38
35823P,General Furnishings,General Furnishings Sub,2010-02-21,1.77,2.95
35824B,Home Decor & Lighting,Home Decor & Lighting Sub,2009-12-10,1.79,2.98
35824C,Home Decor & Lighting,Home Decor & Lighting Sub,2009-12-03,0.89,1.49
35824P,Home Decor & Lighting,Home Decor & Lighting Sub,2010-03-22,0.89,1.49
35832,General Furnishings,General Furnishings Sub,2009-12-01,7.8,13.0
35833G,Seasonal & Gifts,Seasonal & Gifts Sub,2009-12-06,2.37,3.95
35833P,Seasonal & Gifts,Seasonal & Gifts Sub,2009-12-06,4.67,7.78
35837,General Furnishings,General Furnishings Sub,2009-12-10,0.51,0.85
35838A,Home Decor & Lighting,Home Decor & Lighting Sub,2009-12-07,4.17,6.95
35838B,Home Decor & Lighting,Home Decor & Lighting Sub,2009-12-09,0.51,0.85
35840,Kitchen & Dining,Kitchen & Dining Sub,2009-12-04,4.15,6.91
35909A,General Furnishings,General Furnishings Sub,2010-02-23,1.77,2.95
35909B,General Furnishings,General Furnishings Sub,2009-12-06,1.77,2.95
35910A,General Furnishings,General Furnishings Sub,2009-12-13,1.17,1.95
35910B,General Furnishings,General Furnishings Sub,2010-01-07,2.53,4.21
35911A,General Furnishings,General Furnishings Sub,2009-12-02,2.58,4.3
35911B,General Furnishings,General Furnishings Sub,2009-12-11,1.26,2.1
35912B,General Furnishings,General Furnishings Sub,2010-01-07,3.55,5.91
35913B,General Furnishings,General Furnishings Sub,2010-01-07,2.02,3.36
35914,Kitchen & Dining,Kitchen & Dining Sub,2009-12-02,2.58,4.3
35915A,General Furnishings,General Furnishings Sub,2009-12-18,0.76,1.27
35915B,General Furnishings,General Furnishings Sub,2009-12-18,0.99,1.65
35915C,General Furnishings,General Furnishings Sub,2009-12-03,2.06,3.43
35916A,Seasonal & Gifts,Seasonal & Gifts Sub,2009-12-07,1.02,1.7
35916B,Seasonal & Gifts,Seasonal & Gifts Sub,2009-12-01,1.02,1.7
35916C,Seasonal & Gifts,Seasonal & Gifts Sub,2009-12-01,1.02,1.7
35918B,General Furnishings,General Furnishings Sub,2009-12-02,0.75,1.25
35920,General Furnishings,General Furnishings Sub,2010-01-27,2.98,4.96
35921,General Furnishings,General Furnishings Sub,2010-01-22,3.04,5.06
35922,General Furnishings,General Furnishings Sub,2009-12-22,6.23,10.39
35923,Seasonal & Gifts,Seasonal & Gifts Sub,2009-12-08,1.54,2.57
35924,General Furnishings,General Furnishings Sub,2009-12-01,2.58,4.3
35930,Seasonal & Gifts,Seasonal & Gifts Sub,2009-12-16,0.23,0.38
35931,Seasonal & Gifts,Seasonal & Gifts Sub,2009-12-01,1.17,1.95
35932,Seasonal & Gifts,Seasonal & Gifts Sub,2009-12-04,1.17,1.95
35933,Seasonal & Gifts,Seasonal & Gifts Sub,2009-12-01,2.53,4.21
35936,Seasonal & Gifts,Seasonal & Gifts Sub,2009-12-11,0.23,0.38
35937,Seasonal & Gifts,Seasonal & Gifts Sub,2009-12-15,0.23,0.38
35945,Seasonal & Gifts,Seasonal & Gifts Sub,2009-12-18,1.17,1.95
35950,Seasonal & Gifts,Seasonal & Gifts Sub,2010-03-03,0.75,1.25
35951,Seasonal & Gifts,Seasonal & Gifts Sub,2009-12-01,5.19,8.65
35953,Seasonal & Gifts,Seasonal & Gifts Sub,2009-12-03,5.19,8.65
35954,Seasonal & Gifts,Seasonal & Gifts Sub,2009-12-01,2.06,3.43
35955,Seasonal & Gifts,Seasonal & Gifts Sub,2009-12-01,0.25,0.42
35957,Seasonal & Gifts,Seasonal & Gifts Sub,2009-12-01,2.06,3.43
35958,Seasonal & Gifts,Seasonal & Gifts Sub,2009-12-03,1.02,1.7
35961,Seasonal & Gifts,Seasonal & Gifts Sub,2009-12-01,1.02,1.7
35962,Seasonal & Gifts,Seasonal & Gifts Sub,2009-12-01,2.58,4.3
35963,General Furnishings,General Furnishings Sub,2009-12-16,0.23,0.38
35964,Seasonal & Gifts,Seasonal & Gifts Sub,2009-12-04,2.58,4.3
35965,Seasonal & Gifts,Seasonal & Gifts Sub,2009-12-01,3.62,6.04
35966,Home Decor & Lighting,Home Decor & Lighting Sub,2009-12-02,1.02,1.7
35967,Storage & Accessories,Storage & Accessories Sub,2009-12-02,1.02,1.7
35968,Storage & Accessories,Storage & Accessories Sub,2009-12-02,1.02,1.7
35969,General Furnishings,General Furnishings Sub,2009-12-02,2.06,3.43
35970,General Furnishings,General Furnishings Sub,2010-03-19,5.0,8.33
35971,Seasonal & Gifts,Seasonal & Gifts Sub,2009-12-01,1.54,2.57
35972,Seasonal & Gifts,Seasonal & Gifts Sub,2009-12-04,1.54,2.57
35973,Seasonal & Gifts,Seasonal & Gifts Sub,2009-12-09,0.75,1.25
35974,Seasonal & Gifts,Seasonal & Gifts Sub,2009-12-16,2.25,3.75
35976B,Seasonal & Gifts,Seasonal & Gifts Sub,2009-12-06,0.75,1.25
35979,Seasonal & Gifts,Seasonal & Gifts Sub,2009-12-01,3.62,6.04
35980B,Seasonal & Gifts,Seasonal & Gifts Sub,2009-12-18,0.23,0.38
35980C,Seasonal & Gifts,Seasonal & Gifts Sub,2009-12-14,1.54,2.57
35981C,General Furnishings,General Furnishings Sub,2009-12-02,1.54,2.57
35991,Home Decor & Lighting,Home Decor & Lighting Sub,2009-12-01,2.06,3.43
35995,Home Decor & Lighting,Home Decor & Lighting Sub,2009-12-01,1.26,2.1
35999,Home Decor & Lighting,Home Decor & Lighting Sub,2009-12-13,1.53,2.55
37112,General Furnishings,General Furnishings Sub,2009-12-04,2.25,3.75
37326,Kitchen & Dining,Kitchen & Dining Sub,2010-01-11,2.02,3.36
37327,Kitchen & Dining,Kitchen & Dining Sub,2009-12-02,9.68,16.13
37330,Kitchen & Dining,Kitchen & Dining Sub,2010-01-11,2.58,4.3
37333,Kitchen & Dining,Kitchen & Dining Sub,2009-12-03,6.76,11.26
37340,Kitchen & Dining,Kitchen & Dining Sub,2009-12-01,5.19,8.65
37342,Kitchen & Dining,Kitchen & Dining Sub,2009-12-07,3.62,6.04
37343,Kitchen & Dining,Kitchen & Dining Sub,2009-12-01,2.06,3.43
37345,Kitchen & Dining,Kitchen & Dining Sub,2009-12-03,5.19,8.65
37348,Kitchen & Dining,Kitchen & Dining Sub,2009-12-02,1.53,2.55
37351,Kitchen & Dining,Kitchen & Dining Sub,2009-12-22,6.76,11.26
37352,Kitchen & Dining,Kitchen & Dining Sub,2009-12-17,0.75,1.25
37370,Kitchen & Dining,Kitchen & Dining Sub,2009-12-01,9.89,16.48
37379A,Kitchen & Dining,Kitchen & Dining Sub,2009-12-02,6.76,11.26
37379B,Kitchen & Dining,Kitchen & Dining Sub,2010-03-04,0.75,1.25
37399,Kitchen & Dining,Kitchen & Dining Sub,2009-12-13,0.75,1.25
37408,Kitchen & Dining,Kitchen & Dining Sub,2009-12-04,0.75,1.25
37409,Kitchen & Dining,Kitchen & Dining Sub,2010-01-14,0.51,0.85
37410,Kitchen & Dining,Kitchen & Dining Sub,2009-12-01,9.89,16.48
37413,Kitchen & Dining,Kitchen & Dining Sub,2011-02-07,0.75,1.25
37422,Kitchen & Dining,Kitchen & Dining Sub,2009-12-01,1.02,1.7
37423,Kitchen & Dining,Kitchen & Dining Sub,2009-12-02,1.02,1.7
37424,Kitchen & Dining,Kitchen & Dining Sub,2009-12-01,1.02,1.7
37432,Kitchen & Dining,Kitchen & Dining Sub,2009-12-08,0.39,0.65
37438,Kitchen & Dining,Kitchen & Dining Sub,2009-12-13,2.25,3.75
37441,Kitchen & Dining,Kitchen & Dining Sub,2009-12-03,7.8,13.0
37444A,Kitchen & Dining,Kitchen & Dining Sub,2009-12-01,3.62,6.04
37444B,Kitchen & Dining,Kitchen & Dining Sub,2009-12-01,3.62,6.04
37444C,Kitchen & Dining,Kitchen & Dining Sub,2009-12-01,3.62,6.04
37446,General Furnishings,General Furnishings Sub,2009-12-01,2.06,3.43
37447,Kitchen & Dining,Kitchen & Dining Sub,2009-12-01,2.06,3.43
37448,Kitchen & Dining,Kitchen & Dining Sub,2009-12-01,2.06,3.43
37449,General Furnishings,General Furnishings Sub,2009-12-01,13.02,21.7
37450,Kitchen & Dining,Kitchen & Dining Sub,2009-12-01,3.62,6.04
37451,Kitchen & Dining,Kitchen & Dining Sub,2010-02-07,2.97,4.95
37461,Kitchen & Dining,Kitchen & Dining Sub,2009-12-01,1.54,2.57
37462B,Kitchen & Dining,Kitchen & Dining Sub,2009-12-01,0.52,0.86
37462E,Kitchen & Dining,Kitchen & Dining Sub,2010-01-10,0.5,0.84
37464,Kitchen & Dining,Kitchen & Dining Sub,2009-12-01,1.54,2.57
37467,Kitchen & Dining,Kitchen & Dining Sub,2009-12-02,2.58,4.3
37468,Kitchen & Dining,Kitchen & Dining Sub,2009-12-18,4.67,7.78
37471,Kitchen & Dining,Kitchen & Dining Sub,2009-12-22,4.15,6.91
37474,Kitchen & Dining,Kitchen & Dining Sub,2009-12-02,12.23,20.38
37475,Kitchen & Dining,Kitchen & Dining Sub,2009-12-14,12.5,20.83
37476,Kitchen & Dining,Kitchen & Dining Sub,2009-12-02,11.45,19.09
37477B,Kitchen & Dining,Kitchen & Dining Sub,2009-12-02,2.25,3.75
37477C,Kitchen & Dining,Kitchen & Dining Sub,2010-11-23,2.25,3.75
37479B,Kitchen & Dining,Kitchen & Dining Sub,2010-01-11,10.41,17.35
37479P,Kitchen & Dining,Kitchen & Dining Sub,2010-06-11,10.19,16.98
37481,Kitchen & Dining,Kitchen & Dining Sub,2010-06-06,1.53,2.55
37482B,Kitchen & Dining,Kitchen & Dining Sub,2009-12-05,10.19,16.98
37482P,Kitchen & Dining,Kitchen & Dining Sub,2009-12-02,10.41,17.35
37482b,Kitchen & Dining,Kitchen & Dining Sub,2009-12-22,10.41,17.35
37482p,Kitchen & Dining,Kitchen & Dining Sub,2009-12-01,10.41,17.35
37483,Kitchen & Dining,Kitchen & Dining Sub,2010-05-16,1.53,2.55
37484,Kitchen & Dining,Kitchen & Dining Sub,2009-12-08,4.05,6.75
37485,Kitchen & Dining,Kitchen & Dining Sub,2009-12-01,2.79,4.65
37487B,Kitchen & Dining,Kitchen & Dining Sub,2011-04-11,0.17,0.29
37488A,Kitchen & Dining,Kitchen & Dining Sub,2010-02-23,1.77,2.95
37489A,Kitchen & Dining,Kitchen & Dining Sub,2009-12-13,2.53,4.21
37489B,Kitchen & Dining,Kitchen & Dining Sub,2010-02-12,1.17,1.95
37489C,Kitchen & Dining,Kitchen & Dining Sub,2009-12-01,2.58,4.3
37489D,Kitchen & Dining,Kitchen & Dining Sub,2010-01-14,1.17,1.95
37491A,Storage & Accessories,Storage & Accessories Sub,2009-12-15,2.06,3.43
37491B,Storage & Accessories,Storage & Accessories Sub,2010-01-11,2.06,3.43
37491C,Storage & Accessories,Storage & Accessories Sub,2009-12-11,2.02,3.36
37491D,Storage & Accessories,Storage & Accessories Sub,2010-01-27,2.02,3.36
37492A,General Furnishings,General Furnishings Sub,2009-12-01,5.71,9.52
37492B,General Furnishings,General Furnishings Sub,2009-12-02,5.71,9.52
37492C,General Furnishings,General Furnishings Sub,2009-12-01,2.79,4.65
37492D,General Furnishings,General Furnishings Sub,2009-12-04,5.59,9.32
37494A,General Furnishings,General Furnishings Sub,2009-12-02,3.62,6.04
37494a,General Furnishings,General Furnishings Sub,2009-12-22,3.62,6.04
37495,Home Decor & Lighting,Home Decor & Lighting Sub,2009-12-04,4.67,7.78
37500,Kitchen & Dining,Kitchen & Dining Sub,2009-12-01,13.02,21.7
37501,Kitchen & Dining,Kitchen & Dining Sub,2009-12-02,8.84,14.74
37502,Kitchen & Dining,Kitchen & Dining Sub,2009-12-01,3.62,6.04
37503,Kitchen & Dining,Kitchen & Dining Sub,2009-12-01,13.02,21.7
37506,Storage & Accessories,Storage & Accessories Sub,2009-12-02,3.57,5.95
37508,General Furnishings,General Furnishings Sub,2009-12-01,3.1,5.17
37509,Kitchen & Dining,Kitchen & Dining Sub,2010-03-22,1.53,2.55
40001,Home Decor & Lighting,Home Decor & Lighting Sub,2009-12-06,1.02,1.7
40002,Home Decor & Lighting,Home Decor & Lighting Sub,2009-12-18,0.51,0.85
40003,Home Decor & Lighting,Home Decor & Lighting Sub,2009-12-18,2.06,3.43
40005B,Home Decor & Lighting,Home Decor & Lighting Sub,2010-03-25,0.51,0.85
40016,Home Decor & Lighting,Home Decor & Lighting Sub,2009-12-01,5.19,8.65
40018E,Kitchen & Dining,Kitchen & Dining Sub,2009-12-01,2.58,4.3
40018F,Home Decor & Lighting,Home Decor & Lighting Sub,2009-12-01,2.58,4.3
40046A,Home Decor & Lighting,Home Decor & Lighting Sub,2009-12-02,1.54,2.57
40046C,Home Decor & Lighting,Home Decor & Lighting Sub,2009-12-06,0.75,1.25
44089A,Home Decor & Lighting,Home Decor & Lighting Sub,2010-02-04,0.25,0.42
44089C,Home Decor & Lighting,Home Decor & Lighting Sub,2010-02-04,0.25,0.42
44091A,Home Decor & Lighting,Home Decor & Lighting Sub,2010-03-26,0.25,0.42
44091C,Home Decor & Lighting,Home Decor & Lighting Sub,2009-12-17,0.5,0.84
44092B,Home Decor & Lighting,Home Decor & Lighting Sub,2010-07-18,0.51,0.85
44092C,Home Decor & Lighting,Home Decor & Lighting Sub,2009-12-18,0.51,0.85
44217M,General Furnishings,General Furnishings Sub,2010-02-15,2.37,3.95
44228,General Furnishings,General Furnishings Sub,2010-11-18,0.51,0.85
44230,Home Decor & Lighting,Home Decor & Lighting Sub,2009-12-01,11.98,19.96
44234,General Furnishings,General Furnishings Sub,2009-12-14,1.0,1.66
44235,General Furnishings,General Furnishings Sub,2010-01-13,0.25,0.42
44236,General Furnishings,General Furnishings Sub,2010-01-24,2.79,4.65
44241C,General Furnishings,General Furnishings Sub,2010-01-25,0.51,0.85
44242A,General Furnishings,General Furnishings Sub,2010-03-25,0.75,1.25
44242B,General Furnishings,General Furnishings Sub,2009-12-06,0.75,1.25
44265,General Furnishings,General Furnishings Sub,2009-12-08,2.55,4.25
45008C,General Furnishings,General Furnishings Sub,2009-12-03,10.93,18.22
45013,General Furnishings,General Furnishings Sub,2010-05-12,1.77,2.95
45014,General Furnishings,General Furnishings Sub,2010-07-15,2.79,4.65
45016,General Furnishings,General Furnishings Sub,2009-12-14,4.67,7.78
46000M,General Furnishings,General Furnishings Sub,2009-12-01,0.93,1.55
46000P,General Furnishings,General Furnishings Sub,2009-12-01,2.55,4.25
46000R,General Furnishings,General Furnishings Sub,2010-01-26,0.87,1.45
46000S,General Furnishings,General Furnishings Sub,2009-12-01,0.87,1.45
46000U,General Furnishings,General Furnishings Sub,2009-12-03,0.75,1.25
46037A,General Furnishings,General Furnishings Sub,2010-05-25,0.75,1.25
46115B,General Furnishings,General Furnishings Sub,2010-05-11,0.11,0.19
46118,General Furnishings,General Furnishings Sub,2009-12-03,5.19,8.65
46126A,General Furnishings,General Furnishings Sub,2009-12-03,1.51,2.51
46137D,General Furnishings,General Furnishings Sub,2010-01-29,1.77,2.95
46138B,General Furnishings,General Furnishings Sub,2009-12-07,4.15,6.91
46138D,General Furnishings,General Furnishings Sub,2010-03-25,1.17,1.95
46307,General Furnishings,General Furnishings Sub,2009-12-21,3.55,5.91
46775A,General Furnishings,General Furnishings Sub,2009-12-02,20.84,34.74
46775B,General Furnishings,General Furnishings Sub,2009-12-02,10.17,16.95
46775D,General Furnishings,General Furnishings Sub,2009-12-13,20.84,34.74
46775E,General Furnishings,General Furnishings Sub,2009-12-11,20.84,34.74
46776A,General Furnishings,General Furnishings Sub,2009-12-04,7.8,13.0
46776B,General Furnishings,General Furnishings Sub,2009-12-03,7.8,13.0
46776C,General Furnishings,General Furnishings Sub,2009-12-10,7.8,13.0
46776D,General Furnishings,General Furnishings Sub,2009-12-04,2.97,4.95
46776E,General Furnishings,General Furnishings Sub,2010-01-04,2.97,4.95
46776F,General Furnishings,General Furnishings Sub,2009-12-03,2.97,4.95
46776a,General Furnishings,General Furnishings Sub,2011-10-31,2.48,4.13
46776b,General Furnishings,General Furnishings Sub,2011-10-31,2.48,4.13
46776e,General Furnishings,General Furnishings Sub,2011-10-31,2.48,4.13
46776f,General Furnishings,General Furnishings Sub,2011-10-31,2.48,4.13
47013A,Kitchen & Dining,Kitchen & Dining Sub,2009-12-16,0.17,0.29
47013C,Kitchen & Dining,Kitchen & Dining Sub,2009-12-04,0.5,0.83
47016,Home Decor & Lighting,Home Decor & Lighting Sub,2009-12-07,1.26,2.1
47021G,Storage & Accessories,Storage & Accessories Sub,2009-12-01,3.1,5.17
47310M,Storage & Accessories,Storage & Accessories Sub,2009-12-09,2.06,3.43
47341A,General Furnishings,General Furnishings Sub,2010-09-13,2.25,3.75
47341B,General Furnishings,General Furnishings Sub,2009-12-09,2.25,3.75
47343A,General Furnishings,General Furnishings Sub,2009-12-17,0.89,1.49
47344B,General Furnishings,General Furnishings Sub,2009-12-17,0.75,1.25
47347B,Storage & Accessories,Storage & Accessories Sub,2009-12-07,1.54,2.57
47348A,General Furnishings,General Furnishings Sub,2010-04-11,1.17,1.95
47351B,Home Decor & Lighting,Home Decor & Lighting Sub,2009-12-06,1.77,2.95
47367B,General Furnishings,General Furnishings Sub,2009-12-14,4.67,7.78
47369A,Storage & Accessories,Storage & Accessories Sub,2010-03-08,3.55,5.91
47369B,Storage & Accessories,Storage & Accessories Sub,2009-12-13,3.47,5.79
47420,Kitchen & Dining,Kitchen & Dining Sub,2009-12-02,0.11,0.19
47421,General Furnishings,General Furnishings Sub,2010-02-07,0.25,0.42
47422,Kitchen & Dining,Kitchen & Dining Sub,2010-02-07,0.25,0.42
47469,General Furnishings,General Furnishings Sub,2010-01-19,0.39,0.65
47471,General Furnishings,General Furnishings Sub,2009-12-01,0.91,1.52
47480,General Furnishings,General Furnishings Sub,2009-12-07,2.06,3.43
47481,General Furnishings,General Furnishings Sub,2009-12-03,1.3,2.17
47502,General Furnishings,General Furnishings Sub,2009-12-09,15.62,26.04
47503A,General Furnishings,General Furnishings Sub,2009-12-02,1.54,2.57
47503E,General Furnishings,General Furnishings Sub,2009-12-08,0.75,1.25
47503F,General Furnishings,General Furnishings Sub,2009-12-02,0.99,1.65
47503G,General Furnishings,General Furnishings Sub,2009-12-02,1.54,2.57
47503H,General Furnishings,General Furnishings Sub,2009-12-08,2.58,4.3
47503J,Storage & Accessories,Storage & Accessories Sub,2009-12-01,9.89,16.48
47503J ,Storage & Accessories,Storage & Accessories Sub,2010-07-05,9.68,16.13
47503K,General Furnishings,General Furnishings Sub,2009-12-01,2.58,4.3
47504E,General Furnishings,General Furnishings Sub,2009-12-01,2.58,4.3
47504F,General Furnishings,General Furnishings Sub,2009-12-01,2.02,3.36
47504G,General Furnishings,General Furnishings Sub,2009-12-01,3.1,5.17
47504H,General Furnishings,General Furnishings Sub,2009-12-03,4.67,7.78
47504J,General Furnishings,General Furnishings Sub,2009-12-03,13.02,21.7
47504K,General Furnishings,General Furnishings Sub,2009-12-01,5.19,8.65
47505,General Furnishings,General Furnishings Sub,2009-12-01,6.76,11.26
47518F,General Furnishings,General Furnishings Sub,2010-01-26,2.53,4.21
47518f,General Furnishings,General Furnishings Sub,2009-12-01,2.58,4.3
47552A,General Furnishings,General Furnishings Sub,2009-12-10,1.17,1.95
47554,Kitchen & Dining,Kitchen & Dining Sub,2009-12-06,1.53,2.55
47556,Kitchen & Dining,Kitchen & Dining Sub,2009-12-02,1.53,2.55
47556B,Kitchen & Dining,Kitchen & Dining Sub,2009-12-01,3.62,6.04
47556b,Kitchen & Dining,Kitchen & Dining Sub,2010-02-19,3.55,5.91
47559B,Kitchen & Dining,Kitchen & Dining Sub,2009-12-08,1.51,2.51
47559b,Kitchen & Dining,Kitchen & Dining Sub,2010-02-19,2.02,3.36
47562,General Furnishings,General Furnishings Sub,2009-12-03,2.25,3.75
47563A,General Furnishings,General Furnishings Sub,2009-12-02,4.48,7.46
47563B,General Furnishings,General Furnishings Sub,2010-02-14,2.25,3.75
47566,Seasonal & Gifts,Seasonal & Gifts Sub,2009-12-01,9.47,15.79
47566B,Kitchen & Dining,Kitchen & Dining Sub,2009-12-01,6.47,10.79
47566b,Kitchen & Dining,Kitchen & Dining Sub,2010-06-24,5.08,8.47
47567B,Kitchen & Dining,Kitchen & Dining Sub,2009-12-10,7.63,12.72
47567b,Kitchen & Dining,Kitchen & Dining Sub,2009-12-22,7.8,13.0
47568,Storage & Accessories,Storage & Accessories Sub,2009-12-01,2.58,4.3
47569,Storage & Accessories,Storage & Accessories Sub,2009-12-02,1.53,2.55
47570,General Furnishings,General Furnishings Sub,2009-12-02,13.02,21.7
47570B,Kitchen & Dining,Kitchen & Dining Sub,2009-12-01,13.02,21.7
47570b,Kitchen & Dining,Kitchen & Dining Sub,2010-06-24,12.74,21.23
47574A,General Furnishings,General Furnishings Sub,2009-12-09,5.19,8.65
47574B,Seasonal & Gifts,Seasonal & Gifts Sub,2010-01-06,2.55,4.25
47578A,General Furnishings,General Furnishings Sub,2009-12-02,1.02,1.7
47579,Kitchen & Dining,Kitchen & Dining Sub,2009-12-02,2.58,4.3
47580,Kitchen & Dining,Kitchen & Dining Sub,2009-12-02,3.55,5.91
47581B,Storage & Accessories,Storage & Accessories Sub,2009-12-08,15.62,26.04
47583A,Storage & Accessories,Storage & Accessories Sub,2010-01-11,30.61,51.02
47583B,Kitchen & Dining,Kitchen & Dining Sub,2009-12-16,14.97,24.95
47585A,General Furnishings,General Furnishings Sub,2009-12-07,6.23,10.39
47586A,General Furnishings,General Furnishings Sub,2009-12-14,4.67,7.78
47587A,General Furnishings,General Furnishings Sub,2009-12-01,1.02,1.7
47589,General Furnishings,General Furnishings Sub,2009-12-15,6.76,11.26
47590A,General Furnishings,General Furnishings Sub,2009-12-02,6.76,11.26
47590B,General Furnishings,General Furnishings Sub,2009-12-07,6.61,11.02
47590a,General Furnishings,General Furnishings Sub,2010-07-07,6.61,11.02
47590b,General Furnishings,General Furnishings Sub,2010-11-19,6.61,11.02
47591A,General Furnishings,General Furnishings Sub,2009-12-01,1.0,1.66
47591B,General Furnishings,General Furnishings Sub,2009-12-01,2.58,4.3
47591C,General Furnishings,General Furnishings Sub,2009-12-01,2.58,4.3
47591D,General Furnishings,General Furnishings Sub,2009-12-01,2.58,4.3
47591b,General Furnishings,General Furnishings Sub,2010-09-22,2.53,4.21
47591c,General Furnishings,General Furnishings Sub,2010-06-04,2.53,4.21
47591d,General Furnishings,General Furnishings Sub,2010-08-13,3.04,5.06
47592A,General Furnishings,General Furnishings Sub,2009-12-02,2.53,4.21
47592B,Seasonal & Gifts,Seasonal & Gifts Sub,2009-12-03,1.26,2.1
47593A,Seasonal & Gifts,Seasonal & Gifts Sub,2009-12-07,0.75,1.25
47593B,Seasonal & Gifts,Seasonal & Gifts Sub,2009-12-02,1.54,2.57
47593a,Seasonal & Gifts,Seasonal & Gifts Sub,2010-05-26,1.51,2.51
47593b,General Furnishings,General Furnishings Sub,2011-10-31,0.5,0.83
47594A,Storage & Accessories,Storage & Accessories Sub,2009-12-14,2.58,4.3
47594B,Storage & Accessories,Storage & Accessories Sub,2009-12-03,2.58,4.3
47594a,Storage & Accessories,Storage & Accessories Sub,2010-05-05,2.53,4.21
47597,Kitchen & Dining,Kitchen & Dining Sub,2009-12-10,1.53,2.55
47598,General Furnishings,General Furnishings Sub,2009-12-01,0.78,1.3
47599A,Storage & Accessories,Storage & Accessories Sub,2009-12-04,2.58,4.3
47599B,Storage & Accessories,Storage & Accessories Sub,2010-01-11,2.53,4.21
48103,General Furnishings,General Furnishings Sub,2009-12-18,4.49,7.49
48111,General Furnishings,General Furnishings Sub,2009-12-01,9.47,15.79
48116,General Furnishings,General Furnishings Sub,2009-12-01,9.47,15.79
48129,General Furnishings,General Furnishings Sub,2009-12-01,9.47,15.79
48138,General Furnishings,General Furnishings Sub,2009-12-15,10.19,16.98
48173A,General Furnishings,General Furnishings Sub,2010-01-26,4.05,6.75
48173C,General Furnishings,General Furnishings Sub,2009-12-01,9.47,15.79
48173c,General Furnishings,General Furnishings Sub,2009-12-01,10.19,16.98
48175,General Furnishings,General Furnishings Sub,2009-12-14,3.62,6.04
48179,General Furnishings,General Furnishings Sub,2009-12-01,8.32,13.87
48184,General Furnishings,General Furnishings Sub,2009-12-01,9.47,15.79
48185,General Furnishings,General Furnishings Sub,2009-12-01,10.19,16.98
48187,General Furnishings,General Furnishings Sub,2009-12-01,10.19,16.98
48188,General Furnishings,General Furnishings Sub,2009-12-01,10.19,16.98
48189,General Furnishings,General Furnishings Sub,2009-12-01,10.19,16.98
48194,Seasonal & Gifts,Seasonal & Gifts Sub,2009-12-01,9.47,15.79
48195,General Furnishings,General Furnishings Sub,2009-12-01,8.66,14.43
48197,General Furnishings,General Furnishings Sub,2009-12-01,8.66,14.43
51008,General Furnishings,General Furnishings Sub,2009-12-02,2.07,3.45
51012C,General Furnishings,General Furnishings Sub,2009-12-01,0.75,1.25
51012L,Home Decor & Lighting,Home Decor & Lighting Sub,2009-12-03,0.75,1.25
51014A,General Furnishings,General Furnishings Sub,2009-12-01,1.02,1.7
51014C,General Furnishings,General Furnishings Sub,2009-12-01,1.02,1.7
51014L,Home Decor & Lighting,Home Decor & Lighting Sub,2009-12-04,1.02,1.7
51014c,General Furnishings,General Furnishings Sub,2011-10-31,0.5,0.83
51020A,Seasonal & Gifts,Seasonal & Gifts Sub,2009-12-16,0.75,1.25
51020B,Seasonal & Gifts,Seasonal & Gifts Sub,2009-12-04,0.75,1.25
62018,General Furnishings,General Furnishings Sub,2009-12-02,1.17,1.95
62043B,Storage & Accessories,Storage & Accessories Sub,2010-04-30,0.99,1.65
62074B,Kitchen & Dining,Kitchen & Dining Sub,2009-12-13,0.25,0.42
62086A,Storage & Accessories,Storage & Accessories Sub,2010-03-01,1.17,1.95
62094B,Storage & Accessories,Storage & Accessories Sub,2010-01-19,3.04,5.06
62095B,General Furnishings,General Furnishings Sub,2010-02-01,2.02,3.36
62096A,Storage & Accessories,Storage & Accessories Sub,2010-01-07,5.08,8.47
62096B,Storage & Accessories,Storage & Accessories Sub,2009-12-07,5.19,8.65
62097A,Storage & Accessories,Storage & Accessories Sub,2009-12-11,1.77,2.95
62097B,Storage & Accessories,Storage & Accessories Sub,2010-06-16,1.77,2.95
70006,Seasonal & Gifts,Seasonal & Gifts Sub,2009-12-01,2.06,3.43
70007,General Furnishings,General Furnishings Sub,2009-12-01,2.06,3.43
71028B,Storage & Accessories,Storage & Accessories Sub,2009-12-01,2.06,3.43
71038,Storage & Accessories,Storage & Accessories Sub,2009-12-02,3.27,5.45
71050,Storage & Accessories,Storage & Accessories Sub,2010-06-08,0.21,0.35
71053,Home Decor & Lighting,Home Decor & Lighting Sub,2009-12-01,5.19,8.65
71101A,General Furnishings,General Furnishings Sub,2009-12-13,0.51,0.85
71101E,General Furnishings,General Furnishings Sub,2009-12-13,0.51,0.85
71143,General Furnishings,General Furnishings Sub,2009-12-01,1.54,2.57
71215,Home Decor & Lighting,Home Decor & Lighting Sub,2009-12-09,0.25,0.42
71270,General Furnishings,General Furnishings Sub,2009-12-18,1.54,2.57
71279,Kitchen & Dining,Kitchen & Dining Sub,2009-12-01,3.62,6.04
71403,General Furnishings,General Furnishings Sub,2009-12-04,3.62,6.04
71406C,General Furnishings,General Furnishings Sub,2009-12-03,0.52,0.86
71434B,General Furnishings,General Furnishings Sub,2010-01-26,1.53,2.55
71459,Storage & Accessories,Storage & Accessories Sub,2009-12-02,4.15,6.91
71477,Kitchen & Dining,Kitchen & Dining Sub,2009-12-01,4.15,6.91
71495A,General Furnishings,General Furnishings Sub,2010-02-09,0.5,0.84
71495B,General Furnishings,General Furnishings Sub,2010-01-28,0.5,0.84
71496A,General Furnishings,General Furnishings Sub,2010-03-01,0.89,1.49
71496B,General Furnishings,General Furnishings Sub,2010-04-20,0.39,0.65
71510,Storage & Accessories,Storage & Accessories Sub,2009-12-17,0.51,0.85
72008,Storage & Accessories,Storage & Accessories Sub,2009-12-01,0.52,0.86
72023F,Kitchen & Dining,Kitchen & Dining Sub,2009-12-01,1.51,2.51
72024U,Home Decor & Lighting,Home Decor & Lighting Sub,2009-12-02,0.13,0.21
72038P,Home Decor & Lighting,Home Decor & Lighting Sub,2009-12-02,0.13,0.21
72045D,Kitchen & Dining,Kitchen & Dining Sub,2009-12-03,2.58,4.3
72051S,Storage & Accessories,Storage & Accessories Sub,2009-12-01,0.52,0.86
72083A,Home Decor & Lighting,Home Decor & Lighting Sub,2010-02-24,1.26,2.1
72084B,Home Decor & Lighting,Home Decor & Lighting Sub,2010-03-26,1.17,1.95
72122,Kitchen & Dining,Kitchen & Dining Sub,2009-12-04,1.15,1.91
72127,Home Decor & Lighting,Home Decor & Lighting Sub,2009-12-01,1.51,2.51
72128,Home Decor & Lighting,Home Decor & Lighting Sub,2009-12-07,1.02,1.7
72129,Home Decor & Lighting,Home Decor & Lighting Sub,2009-12-18,1.0,1.66
72130,Home Decor & Lighting,Home Decor & Lighting Sub,2009-12-13,1.0,1.66
72131,Home Decor & Lighting,Home Decor & Lighting Sub,2009-12-10,1.17,1.95
72132,Home Decor & Lighting,Home Decor & Lighting Sub,2009-12-21,1.17,1.95
72133,Home Decor & Lighting,Home Decor & Lighting Sub,2009-12-13,1.48,2.46
72134,Home Decor & Lighting,Home Decor & Lighting Sub,2009-12-13,1.0,1.66
72140E,Home Decor & Lighting,Home Decor & Lighting Sub,2009-12-07,1.02,1.7
72140F,Home Decor & Lighting,Home Decor & Lighting Sub,2009-12-01,0.25,0.42
72225C,Home Decor & Lighting,Home Decor & Lighting Sub,2009-12-17,0.17,0.29
72225D,Home Decor & Lighting,Home Decor & Lighting Sub,2009-12-17,0.17,0.29
72232,Home Decor & Lighting,Home Decor & Lighting Sub,2009-12-06,0.11,0.19
72267,Home Decor & Lighting,Home Decor & Lighting Sub,2009-12-01,2.58,4.3
72349B,Home Decor & Lighting,Home Decor & Lighting Sub,2009-12-01,2.58,4.3
72349b,Home Decor & Lighting,Home Decor & Lighting Sub,2009-12-01,2.58,4.3
72351A,Home Decor & Lighting,Home Decor & Lighting Sub,2009-12-02,2.58,4.3
72351B,Home Decor & Lighting,Home Decor & Lighting Sub,2009-12-03,2.58,4.3
72351a,Home Decor & Lighting,Home Decor & Lighting Sub,2010-02-19,2.53,4.21
72369A,Kitchen & Dining,Kitchen & Dining Sub,2009-12-03,1.51,2.51
72484,Home Decor & Lighting,Home Decor & Lighting Sub,2009-12-02,1.54,2.57
72487,Home Decor & Lighting,Home Decor & Lighting Sub,2009-12-01,2.06,3.43
72529W,Home Decor & Lighting,Home Decor & Lighting Sub,2009-12-01,2.58,4.3
72529w,Home Decor & Lighting,Home Decor & Lighting Sub,2009-12-01,2.58,4.3
72586,Home Decor & Lighting,Home Decor & Lighting Sub,2009-12-04,0.51,0.85
72598,Home Decor & Lighting,Home Decor & Lighting Sub,2009-12-01,1.02,1.7
72606A,Home Decor & Lighting,Home Decor & Lighting Sub,2010-01-11,0.25,0.42
72708,Home Decor & Lighting,Home Decor & Lighting Sub,2009-12-10,0.13,0.21
72709,Home Decor & Lighting,Home Decor & Lighting Sub,2010-04-19,0.51,0.85
72715,Home Decor & Lighting,Home Decor & Lighting Sub,2010-02-16,0.25,0.42
72724,Home Decor & Lighting,Home Decor & Lighting Sub,2009-12-01,0.75,1.25
72728,Kitchen & Dining,Kitchen & Dining Sub,2009-12-10,0.51,0.85
72739B,Home Decor & Lighting,Home Decor & Lighting Sub,2009-12-01,1.54,2.57
72739C,Home Decor & Lighting,Home Decor & Lighting Sub,2009-12-02,1.54,2.57
72740A,Home Decor & Lighting,Home Decor & Lighting Sub,2009-12-02,3.1,5.17
72740B,Home Decor & Lighting,Home Decor & Lighting Sub,2010-01-11,3.04,5.06
72741,Home Decor & Lighting,Home Decor & Lighting Sub,2009-12-01,5.19,8.65
72750A,Kitchen & Dining,Kitchen & Dining Sub,2009-12-02,3.57,5.95
72750B,Kitchen & Dining,Kitchen & Dining Sub,2009-12-14,3.57,5.95
72750C,Kitchen & Dining,Kitchen & Dining Sub,2009-12-01,3.57,5.95
72750D,Kitchen & Dining,Kitchen & Dining Sub,2009-12-07,3.57,5.95
72751A,Home Decor & Lighting,Home Decor & Lighting Sub,2009-12-04,3.57,5.95
72751B,Home Decor & Lighting,Home Decor & Lighting Sub,2009-12-04,3.57,5.95
72751C,Home Decor & Lighting,Home Decor & Lighting Sub,2010-02-07,3.57,5.95
72752A,Kitchen & Dining,Kitchen & Dining Sub,2009-12-04,2.55,4.25
72752B,Kitchen & Dining,Kitchen & Dining Sub,2009-12-04,2.55,4.25
72753A,Home Decor & Lighting,Home Decor & Lighting Sub,2009-12-01,4.77,7.95
72753B,Home Decor & Lighting,Home Decor & Lighting Sub,2009-12-04,4.77,7.95
72753C,Home Decor & Lighting,Home Decor & Lighting Sub,2009-12-06,4.77,7.95
72753D,Home Decor & Lighting,Home Decor & Lighting Sub,2009-12-06,1.26,2.1
72754A,General Furnishings,General Furnishings Sub,2009-12-04,1.01,1.69
72754B,General Furnishings,General Furnishings Sub,2009-12-01,1.01,1.69
72754D,General Furnishings,General Furnishings Sub,2009-12-02,1.01,1.69
72755C,General Furnishings,General Furnishings Sub,2009-12-22,2.55,4.25
72755D,General Furnishings,General Furnishings Sub,2009-12-04,2.55,4.25
72756,Home Decor & Lighting,Home Decor & Lighting Sub,2009-12-01,0.89,1.49
72760B,Storage & Accessories,Storage & Accessories Sub,2009-12-01,13.02,21.7
72771B,Kitchen & Dining,Kitchen & Dining Sub,2009-12-10,2.58,4.3
72771C,Home Decor & Lighting,Home Decor & Lighting Sub,2009-12-07,2.58,4.3
72772,Home Decor & Lighting,Home Decor & Lighting Sub,2009-12-13,4.67,7.78
72779,Home Decor & Lighting,Home Decor & Lighting Sub,2009-12-02,1.01,1.69
72780,Kitchen & Dining,Kitchen & Dining Sub,2009-12-06,0.51,0.85
72781,Kitchen & Dining,Kitchen & Dining Sub,2009-12-17,1.26,2.1
72783,Kitchen & Dining,Kitchen & Dining Sub,2009-12-01,1.26,2.1
72785A,Home Decor & Lighting,Home Decor & Lighting Sub,2009-12-11,1.26,2.1
72785B,Home Decor & Lighting,Home Decor & Lighting Sub,2009-12-11,1.26,2.1
72789,Storage & Accessories,Storage & Accessories Sub,2009-12-10,4.67,7.78
72793,Storage & Accessories,Storage & Accessories Sub,2009-12-13,3.57,5.95
72796A,Home Decor & Lighting,Home Decor & Lighting Sub,2009-12-02,0.99,1.65
72796B,Home Decor & Lighting,Home Decor & Lighting Sub,2009-12-02,0.99,1.65
72796C,Home Decor & Lighting,Home Decor & Lighting Sub,2010-01-17,0.99,1.65
72798C,Home Decor & Lighting,Home Decor & Lighting Sub,2009-12-01,2.06,3.43
72799A,Home Decor & Lighting,Home Decor & Lighting Sub,2009-12-03,1.77,2.95
72799B,Home Decor & Lighting,Home Decor & Lighting Sub,2009-12-01,3.62,6.04
72799C,Home Decor & Lighting,Home Decor & Lighting Sub,2009-12-01,3.62,6.04
72799D,Home Decor & Lighting,Home Decor & Lighting Sub,2009-12-01,3.62,6.04
72799E,Home Decor & Lighting,Home Decor & Lighting Sub,2009-12-01,3.62,6.04
72799F,Home Decor & Lighting,Home Decor & Lighting Sub,2009-12-01,3.62,6.04
72800A,Home Decor & Lighting,Home Decor & Lighting Sub,2009-12-01,3.1,5.17
72800B,Home Decor & Lighting,Home Decor & Lighting Sub,2009-12-04,3.1,5.17
72800C,Home Decor & Lighting,Home Decor & Lighting Sub,2009-12-07,3.1,5.17
72800D,Home Decor & Lighting,Home Decor & Lighting Sub,2009-12-04,3.1,5.17
72800E,Home Decor & Lighting,Home Decor & Lighting Sub,2009-12-01,3.1,5.17
72800F,Home Decor & Lighting,Home Decor & Lighting Sub,2009-12-01,3.1,5.17
72801C,Home Decor & Lighting,Home Decor & Lighting Sub,2009-12-11,1.51,2.51
72801D,Home Decor & Lighting,Home Decor & Lighting Sub,2009-12-04,1.51,2.51
72801E,Home Decor & Lighting,Home Decor & Lighting Sub,2009-12-01,1.51,2.51
72801F,Home Decor & Lighting,Home Decor & Lighting Sub,2009-12-01,0.75,1.25
72801G,Home Decor & Lighting,Home Decor & Lighting Sub,2009-12-01,1.51,2.51
72801c,Home Decor & Lighting,Home Decor & Lighting Sub,2010-02-19,1.51,2.51
72801d,Home Decor & Lighting,Home Decor & Lighting Sub,2010-01-25,1.51,2.51
72801e,Home Decor & Lighting,Home Decor & Lighting Sub,2010-03-29,1.51,2.51
72801g,Home Decor & Lighting,Home Decor & Lighting Sub,2010-02-19,1.51,2.51
72802A,Storage & Accessories,Storage & Accessories Sub,2009-12-02,5.08,8.47
72802B,Storage & Accessories,Storage & Accessories Sub,2009-12-01,5.08,8.47
72802C,Storage & Accessories,Storage & Accessories Sub,2009-12-01,5.19,8.65
72802a,Storage & Accessories,Storage & Accessories Sub,2010-06-08,5.08,8.47
72802c,Storage & Accessories,Storage & Accessories Sub,2011-11-23,4.97,8.29
72803A,Home Decor & Lighting,Home Decor & Lighting Sub,2009-12-02,5.19,8.65
72803B,Home Decor & Lighting,Home Decor & Lighting Sub,2009-12-03,5.08,8.47
72803b,Home Decor & Lighting,Home Decor & Lighting Sub,2010-12-03,5.08,8.47
72805,Home Decor & Lighting,Home Decor & Lighting Sub,2009-12-06,1.01,1.69
72807A,Storage & Accessories,Storage & Accessories Sub,2009-12-01,5.19,8.65
72807B,Storage & Accessories,Storage & Accessories Sub,2009-12-01,5.19,8.65
72807C,Storage & Accessories,Storage & Accessories Sub,2009-12-01,5.19,8.65
72807a,Storage & Accessories,Storage & Accessories Sub,2010-03-29,5.08,8.47
72807b,Storage & Accessories,Storage & Accessories Sub,2009-12-22,5.19,8.65
72807c,Storage & Accessories,Storage & Accessories Sub,2009-12-01,5.19,8.65
72811,Kitchen & Dining,Kitchen & Dining Sub,2009-12-02,1.75,2.92
72812,Kitchen & Dining,Kitchen & Dining Sub,2009-12-11,2.58,4.3
72814,Home Decor & Lighting,Home Decor & Lighting Sub,2009-12-01,4.67,7.78
72815,Home Decor & Lighting,Home Decor & Lighting Sub,2009-12-01,5.19,8.65
72816,Home Decor & Lighting,Home Decor & Lighting Sub,2009-12-01,4.67,7.78
72817,Home Decor & Lighting,Home Decor & Lighting Sub,2009-12-02,2.53,4.21
72818,Home Decor & Lighting,Home Decor & Lighting Sub,2009-12-02,1.0,1.66
72819,Kitchen & Dining,Kitchen & Dining Sub,2009-12-04,3.1,5.17
72821,Kitchen & Dining,Kitchen & Dining Sub,2010-01-31,0.99,1.65
75011,General Furnishings,General Furnishings Sub,2009-12-11,2.25,3.75
75013B,General Furnishings,General Furnishings Sub,2009-12-01,2.06,3.43
75049L,Home Decor & Lighting,Home Decor & Lighting Sub,2009-12-02,1.54,2.57
75131,General Furnishings,General Furnishings Sub,2009-12-11,2.02,3.36
75149N,General Furnishings,General Furnishings Sub,2009-12-04,0.75,1.25
75172,General Furnishings,General Furnishings Sub,2010-06-23,2.25,3.75
75178,General Furnishings,General Furnishings Sub,2010-02-18,1.51,2.51
77079,General Furnishings,General Furnishings Sub,2010-03-03,1.27,2.12
77081,General Furnishings,General Furnishings Sub,2009-12-01,1.54,2.57
77101A,General Furnishings,General Furnishings Sub,2009-12-06,1.54,2.57
78026,Storage & Accessories,Storage & Accessories Sub,2010-01-17,17.97,29.95
78027,General Furnishings,General Furnishings Sub,2010-01-31,19.38,32.3
78033,General Furnishings,General Furnishings Sub,2010-01-27,3.57,5.95
78034B,Storage & Accessories,Storage & Accessories Sub,2010-06-16,1.17,1.95
78056,General Furnishings,General Furnishings Sub,2009-12-02,5.97,9.95
78124,General Furnishings,General Furnishings Sub,2009-12-03,2.58,4.3
79000,Kitchen & Dining,Kitchen & Dining Sub,2009-12-01,3.1,5.17
79026B,General Furnishings,General Furnishings Sub,2009-12-01,1.54,2.57
79029,Kitchen & Dining,Kitchen & Dining Sub,2009-12-01,2.58,4.3
79030A,General Furnishings,General Furnishings Sub,2009-12-01,7.8,13.0
79030D,General Furnishings,General Furnishings Sub,2009-12-08,7.63,12.72
79030G,General Furnishings,General Furnishings Sub,2009-12-02,7.8,13.0
79051A,Kitchen & Dining,Kitchen & Dining Sub,2009-12-02,3.62,6.04
79051a,Kitchen & Dining,Kitchen & Dining Sub,2009-12-22,3.62,6.04
79062D,General Furnishings,General Furnishings Sub,2011-02-17,0.39,0.65
79063C,Storage & Accessories,Storage & Accessories Sub,2011-03-09,0.11,0.19
79063D,Storage & Accessories,Storage & Accessories Sub,2011-02-09,0.25,0.42
79065A,Kitchen & Dining,Kitchen & Dining Sub,2009-12-02,5.97,9.95
79066K,General Furnishings,General Furnishings Sub,2009-12-07,1.02,1.7
79066k,General Furnishings,General Furnishings Sub,2010-02-19,1.0,1.66
79067,General Furnishings,General Furnishings Sub,2009-12-01,5.19,8.65
79070b,General Furnishings,General Furnishings Sub,2009-12-01,6.76,11.26
79071B,General Furnishings,General Furnishings Sub,2010-02-01,3.55,5.91
79072,Kitchen & Dining,Kitchen & Dining Sub,2009-12-01,10.41,17.35
79140,Home Decor & Lighting,Home Decor & Lighting Sub,2010-02-01,0.25,0.42
79144B,Home Decor & Lighting,Home Decor & Lighting Sub,2009-12-04,0.52,0.86
79144C,Home Decor & Lighting,Home Decor & Lighting Sub,2009-12-14,0.52,0.86
79149B,Seasonal & Gifts,Seasonal & Gifts Sub,2009-12-04,0.25,0.42
79151B,General Furnishings,General Furnishings Sub,2010-12-05,0.25,0.42
79157B,Home Decor & Lighting,Home Decor & Lighting Sub,2010-02-07,0.51,0.85
79157V,Home Decor & Lighting,Home Decor & Lighting Sub,2011-10-09,0.51,0.85
79160,Seasonal & Gifts,Seasonal & Gifts Sub,2009-12-01,2.06,3.43
79161A,Home Decor & Lighting,Home Decor & Lighting Sub,2010-03-10,1.77,2.95
79163,Kitchen & Dining,Kitchen & Dining Sub,2009-12-02,12.74,21.23
79164,Kitchen & Dining,Kitchen & Dining Sub,2009-12-01,13.02,21.7
79172D,General Furnishings,General Furnishings Sub,2010-03-08,0.51,0.85
79190A,General Furnishings,General Furnishings Sub,2009-12-03,0.51,0.85
79190B,General Furnishings,General Furnishings Sub,2009-12-02,0.51,0.85
79190D,General Furnishings,General Furnishings Sub,2009-12-03,0.51,0.85
79191B,General Furnishings,General Furnishings Sub,2009-12-04,1.02,1.7
79191C,General Furnishings,General Furnishings Sub,2009-12-02,1.02,1.7
79191D,General Furnishings,General Furnishings Sub,2009-12-02,1.02,1.7
79192A,General Furnishings,General Furnishings Sub,2009-12-02,1.54,2.57
79301,Home Decor & Lighting,Home Decor & Lighting Sub,2010-01-21,1.77,2.95
79302M,Home Decor & Lighting,Home Decor & Lighting Sub,2009-12-01,3.62,6.04
79302m,Home Decor & Lighting,Home Decor & Lighting Sub,2009-12-22,3.62,6.04
79303A,Home Decor & Lighting,Home Decor & Lighting Sub,2010-01-26,1.77,2.95
79303B,Home Decor & Lighting,Home Decor & Lighting Sub,2009-12-02,3.62,6.04
79303D,Home Decor & Lighting,Home Decor & Lighting Sub,2009-12-01,3.62,6.04
79308B,Home Decor & Lighting,Home Decor & Lighting Sub,2010-06-02,0.51,0.85
79315W,Home Decor & Lighting,Home Decor & Lighting Sub,2009-12-03,3.62,6.04
79320,Home Decor & Lighting,Home Decor & Lighting Sub,2009-12-02,6.76,11.26
79321,Home Decor & Lighting,Home Decor & Lighting Sub,2009-12-01,10.73,17.88
79323B,Home Decor & Lighting,Home Decor & Lighting Sub,2009-12-01,8.32,13.87
79323G,Home Decor & Lighting,Home Decor & Lighting Sub,2009-12-01,8.32,13.87
79323GR,Home Decor & Lighting,Home Decor & Lighting Sub,2009-12-01,8.32,13.87
79323LP,Home Decor & Lighting,Home Decor & Lighting Sub,2009-12-01,8.32,13.87
79323P,Home Decor & Lighting,Home Decor & Lighting Sub,2009-12-01,8.32,13.87
79323S,Home Decor & Lighting,Home Decor & Lighting Sub,2009-12-01,8.32,13.87
79323W,Home Decor & Lighting,Home Decor & Lighting Sub,2009-12-01,8.32,13.87
79328,Kitchen & Dining,Kitchen & Dining Sub,2009-12-01,2.06,3.43
79329,Kitchen & Dining,Kitchen & Dining Sub,2009-12-02,0.99,1.65
79331,Kitchen & Dining,Kitchen & Dining Sub,2010-02-10,0.99,1.65
79336,Kitchen & Dining,Kitchen & Dining Sub,2009-12-02,2.06,3.43
79337,Kitchen & Dining,Kitchen & Dining Sub,2010-01-04,2.02,3.36
79338,Kitchen & Dining,Kitchen & Dining Sub,2009-12-03,2.06,3.43
79341,Home Decor & Lighting,Home Decor & Lighting Sub,2009-12-01,8.32,13.87
79342B,Home Decor & Lighting,Home Decor & Lighting Sub,2009-12-01,8.32,13.87
79342b,Home Decor & Lighting,Home Decor & Lighting Sub,2010-02-19,8.14,13.57
79403,General Furnishings,General Furnishings Sub,2009-12-18,1.02,1.7
79406,General Furnishings,General Furnishings Sub,2009-12-04,0.5,0.84
79413,Kitchen & Dining,Kitchen & Dining Sub,2009-12-04,0.75,1.25
79532,Kitchen & Dining,Kitchen & Dining Sub,2010-06-07,0.75,1.25
79534,Kitchen & Dining,Kitchen & Dining Sub,2009-12-02,0.33,0.55
81950B,Home Decor & Lighting,Home Decor & Lighting Sub,2009-12-03,1.0,1.66
81950V,Home Decor & Lighting,Home Decor & Lighting Sub,2009-12-03,0.51,0.85
81952B,Home Decor & Lighting,Home Decor & Lighting Sub,2010-01-11,1.0,1.66
81952V,Home Decor & Lighting,Home Decor & Lighting Sub,2009-12-02,1.02,1.7
81953B,Home Decor & Lighting,Home Decor & Lighting Sub,2010-05-09,0.51,0.85
81953P,Home Decor & Lighting,Home Decor & Lighting Sub,2010-02-24,0.51,0.85
81985A,Home Decor & Lighting,Home Decor & Lighting Sub,2009-12-07,1.53,2.55
82001S,General Furnishings,General Furnishings Sub,2009-12-01,4.67,7.78
82001s,General Furnishings,General Furnishings Sub,2010-07-30,4.57,7.62
82011A,General Furnishings,General Furnishings Sub,2010-02-03,4.57,7.62
82011B,General Furnishings,General Furnishings Sub,2009-12-02,4.67,7.78
82011C,General Furnishings,General Furnishings Sub,2009-12-07,4.67,7.78
82011E,General Furnishings,General Furnishings Sub,2010-02-11,2.25,3.75
82069,General Furnishings,General Furnishings Sub,2009-12-16,4.35,7.25
82072,General Furnishings,General Furnishings Sub,2010-02-07,0.75,1.25
82076,General Furnishings,General Furnishings Sub,2009-12-01,2.06,3.43
82081,Seasonal & Gifts,Seasonal & Gifts Sub,2009-12-01,5.1,8.5
82093,Seasonal & Gifts,Seasonal & Gifts Sub,2009-12-01,2.25,3.75
82095,Storage & Accessories,Storage & Accessories Sub,2009-12-09,4.59,7.65
82482,General Furnishings,General Furnishings Sub,2009-12-01,3.47,5.79
82483,General Furnishings,General Furnishings Sub,2009-12-01,8.48,14.13
82484,General Furnishings,General Furnishings Sub,2010-04-11,9.98,16.63
82486,General Furnishings,General Furnishings Sub,2009-12-01,9.98,16.63
82494L,General Furnishings,General Furnishings Sub,2009-12-01,4.67,7.78
82494l,General Furnishings,General Furnishings Sub,2010-05-05,5.08,8.47
82545A,General Furnishings,General Furnishings Sub,2010-01-14,0.75,1.25
82551,Seasonal & Gifts,Seasonal & Gifts Sub,2009-12-01,1.54,2.57
82552,Seasonal & Gifts,Seasonal & Gifts Sub,2009-12-02,1.54,2.57
82553,Seasonal & Gifts,Seasonal & Gifts Sub,2009-12-01,2.06,3.43
82567,Seasonal & Gifts,Seasonal & Gifts Sub,2009-12-01,2.58,4.3
82578,Seasonal & Gifts,Seasonal & Gifts Sub,2009-12-01,0.78,1.3
82580,Seasonal & Gifts,Seasonal & Gifts Sub,2009-12-01,0.78,1.3
82581,Seasonal & Gifts,Seasonal & Gifts Sub,2009-12-01,0.78,1.3
82582,Seasonal & Gifts,Seasonal & Gifts Sub,2009-12-01,2.58,4.3
82583,Seasonal & Gifts,Seasonal & Gifts Sub,2009-12-01,5.0,8.33
82585,Kitchen & Dining,Kitchen & Dining Sub,2009-12-02,1.54,2.57
82587,Kitchen & Dining,Kitchen & Dining Sub,2009-12-06,1.51,2.51
82597,Seasonal & Gifts,Seasonal & Gifts Sub,2009-12-01,2.58,4.3
82599,Seasonal & Gifts,Seasonal & Gifts Sub,2009-12-02,2.58,4.3
82600,Seasonal & Gifts,Seasonal & Gifts Sub,2009-12-01,2.58,4.3
82605,Seasonal & Gifts,Seasonal & Gifts Sub,2009-12-02,2.58,4.3
82607A,Kitchen & Dining,Kitchen & Dining Sub,2009-12-03,1.54,2.57
82607C,Kitchen & Dining,Kitchen & Dining Sub,2009-12-01,1.54,2.57
82607E,Kitchen & Dining,Kitchen & Dining Sub,2009-12-03,0.75,1.25
82613A,Kitchen & Dining,Kitchen & Dining Sub,2009-12-02,1.54,2.57
82613B,Kitchen & Dining,Kitchen & Dining Sub,2009-12-01,1.54,2.57
82613C,Kitchen & Dining,Kitchen & Dining Sub,2009-12-02,1.54,2.57
82613D,Kitchen & Dining,Kitchen & Dining Sub,2009-12-01,1.54,2.57
82613a,Kitchen & Dining,Kitchen & Dining Sub,2010-02-01,1.51,2.51
82613b,Kitchen & Dining,Kitchen & Dining Sub,2010-02-01,1.51,2.51
82613c,Kitchen & Dining,Kitchen & Dining Sub,2010-02-01,1.51,2.51
82615,General Furnishings,General Furnishings Sub,2009-12-02,3.62,6.04
82616A,General Furnishings,General Furnishings Sub,2009-12-02,3.62,6.04
82616B,General Furnishings,General Furnishings Sub,2009-12-01,1.77,2.95
82616C,General Furnishings,General Furnishings Sub,2009-12-02,1.77,2.95
84006,General Furnishings,General Furnishings Sub,2009-12-01,1.02,1.7
84007,General Furnishings,General Furnishings Sub,2009-12-01,3.1,5.17
84012,General Furnishings,General Furnishings Sub,2009-12-01,3.04,5.06
84016,General Furnishings,General Furnishings Sub,2009-12-07,694.29,1157.15
84029C,Kitchen & Dining,Kitchen & Dining Sub,2009-12-01,4.67,7.78
84029D,Kitchen & Dining,Kitchen & Dining Sub,2009-12-07,4.67,7.78
84029E,Seasonal & Gifts,Seasonal & Gifts Sub,2009-12-01,7.88,13.13
84029G,Kitchen & Dining,Kitchen & Dining Sub,2009-12-01,5.08,8.47
84029c,Kitchen & Dining,Kitchen & Dining Sub,2009-12-22,4.67,7.78
84030B,Kitchen & Dining,Kitchen & Dining Sub,2010-02-09,2.25,3.75
84030C,Kitchen & Dining,Kitchen & Dining Sub,2009-12-01,4.67,7.78
84030E,Kitchen & Dining,Kitchen & Dining Sub,2009-12-03,5.08,8.47
84030b,Kitchen & Dining,Kitchen & Dining Sub,2010-01-25,5.08,8.46
84030c,Kitchen & Dining,Kitchen & Dining Sub,2009-12-01,4.67,7.78
84030e,Kitchen & Dining,Kitchen & Dining Sub,2010-09-30,7.88,13.13
84031A,Kitchen & Dining,Kitchen & Dining Sub,2009-12-01,5.59,9.32
84031B,Kitchen & Dining,Kitchen & Dining Sub,2009-12-01,5.71,9.52
84031a,Kitchen & Dining,Kitchen & Dining Sub,2011-10-31,9.98,16.63
84031b,Kitchen & Dining,Kitchen & Dining Sub,2011-10-31,9.98,16.63
84032A,Kitchen & Dining,Kitchen & Dining Sub,2009-12-01,3.62,6.04
84032B,Kitchen & Dining,Kitchen & Dining Sub,2009-12-01,3.62,6.04
84033,General Furnishings,General Furnishings Sub,2010-01-15,51.06,85.1
84050,Seasonal & Gifts,Seasonal & Gifts Sub,2009-12-01,2.58,4.3
84051,General Furnishings,General Furnishings Sub,2009-12-06,1.02,1.7
84077,Seasonal & Gifts,Seasonal & Gifts Sub,2009-12-01,0.38,0.63
84078A,Storage & Accessories,Storage & Accessories Sub,2009-12-02,46.93,78.22
84081,Seasonal & Gifts,Seasonal & Gifts Sub,2009-12-02,5.19,8.65
84086B,General Furnishings,General Furnishings Sub,2010-05-16,1.77,2.95
84086C,General Furnishings,General Furnishings Sub,2009-12-09,2.58,4.3
84192,General Furnishings,General Furnishings Sub,2010-02-08,0.75,1.25
84199,General Furnishings,General Furnishings Sub,2009-12-01,0.26,0.43
84201B,General Furnishings,General Furnishings Sub,2009-12-06,0.11,0.19
84201C,General Furnishings,General Furnishings Sub,2010-08-23,0.11,0.19
84205C,General Furnishings,General Furnishings Sub,2010-03-03,0.11,0.19
84206A,Seasonal & Gifts,Seasonal & Gifts Sub,2009-12-06,0.11,0.19
84206B,Kitchen & Dining,Kitchen & Dining Sub,2010-08-24,0.11,0.19
84206C,General Furnishings,General Furnishings Sub,2009-12-06,0.11,0.19
84212,General Furnishings,General Furnishings Sub,2009-12-06,3.04,5.06
84218,Storage & Accessories,Storage & Accessories Sub,2010-01-31,2.53,4.21
84219,Storage & Accessories,Storage & Accessories Sub,2010-01-31,3.04,5.06
84226,General Furnishings,General Furnishings Sub,2010-02-28,0.51,0.85
84227,General Furnishings,General Furnishings Sub,2010-02-18,0.25,0.42
84228,General Furnishings,General Furnishings Sub,2009-12-07,0.52,0.86
84231,Storage & Accessories,Storage & Accessories Sub,2010-01-24,0.89,1.49
84247C,General Furnishings,General Furnishings Sub,2009-12-01,1.77,2.95
84247E,General Furnishings,General Furnishings Sub,2010-06-30,3.55,5.91
84247G,General Furnishings,General Furnishings Sub,2009-12-03,0.51,0.85
84247H,General Furnishings,General Furnishings Sub,2009-12-22,1.77,2.95
84247J,General Furnishings,General Furnishings Sub,2009-12-02,1.77,2.95
84247K,General Furnishings,General Furnishings Sub,2009-12-02,3.62,6.04
84247L,General Furnishings,General Furnishings Sub,2009-12-03,0.52,0.86
84247N,General Furnishings,General Furnishings Sub,2010-01-11,1.77,2.95
84249A,General Furnishings,General Furnishings Sub,2010-02-04,0.5,0.83
84249D,General Furnishings,General Furnishings Sub,2009-12-02,0.52,0.86
84250M,General Furnishings,General Furnishings Sub,2009-12-03,0.52,0.86
84251B,General Furnishings,General Furnishings Sub,2010-03-08,0.51,0.85
84251C,General Furnishings,General Furnishings Sub,2009-12-14,0.5,0.83
84251F,General Furnishings,General Furnishings Sub,2009-12-01,0.52,0.86
84251G,General Furnishings,General Furnishings Sub,2009-12-01,0.52,0.86
84251J,General Furnishings,General Furnishings Sub,2009-12-01,0.52,0.86
84255A,Kitchen & Dining,Kitchen & Dining Sub,2009-12-13,1.26,2.1
84255B,Kitchen & Dining,Kitchen & Dining Sub,2009-12-03,7.8,13.0
84270,Seasonal & Gifts,Seasonal & Gifts Sub,2009-12-01,0.26,0.43
84279B,General Furnishings,General Furnishings Sub,2009-12-01,5.19,8.65
84279P,General Furnishings,General Furnishings Sub,2009-12-06,5.19,8.65
84288B,Storage & Accessories,Storage & Accessories Sub,2009-12-01,1.17,1.95
84292,General Furnishings,General Furnishings Sub,2009-12-03,15.62,26.04
84292B,General Furnishings,General Furnishings Sub,2010-01-04,4.77,7.95
84306,General Furnishings,General Furnishings Sub,2009-12-03,13.51,22.52
84311,General Furnishings,General Furnishings Sub,2010-02-09,0.99,1.65
84313A,General Furnishings,General Furnishings Sub,2009-12-15,10.19,16.98
84313B,General Furnishings,General Furnishings Sub,2009-12-01,10.41,17.35
84313C,General Furnishings,General Furnishings Sub,2010-01-11,10.41,17.35
84327A,General Furnishings,General Furnishings Sub,2009-12-01,2.53,4.21
84340,Seasonal & Gifts,Seasonal & Gifts Sub,2009-12-01,4.67,7.78
84341B,Seasonal & Gifts,Seasonal & Gifts Sub,2009-12-01,1.02,1.7
84347,Home Decor & Lighting,Home Decor & Lighting Sub,2009-12-01,3.57,5.95
84352,Seasonal & Gifts,Seasonal & Gifts Sub,2009-12-01,20.84,34.74
84356,General Furnishings,General Furnishings Sub,2009-12-04,12.5,20.83
84358,Home Decor & Lighting,Home Decor & Lighting Sub,2009-12-01,15.29,25.49
84360,Home Decor & Lighting,Home Decor & Lighting Sub,2009-12-01,8.14,13.57
84366,General Furnishings,General Furnishings Sub,2010-02-02,2.25,3.75
84367,General Furnishings,General Furnishings Sub,2009-12-09,2.25,3.75
84371,General Furnishings,General Furnishings Sub,2009-12-02,13.02,21.7
84375,General Furnishings,General Furnishings Sub,2009-12-01,2.97,4.95
84378,Seasonal & Gifts,Seasonal & Gifts Sub,2009-12-01,2.02,3.36
84380,General Furnishings,General Furnishings Sub,2009-12-01,2.02,3.36
84387A,General Furnishings,General Furnishings Sub,2011-07-21,1.17,1.95
84388,Seasonal & Gifts,Seasonal & Gifts Sub,2009-12-01,0.99,1.65
84396,General Furnishings,General Furnishings Sub,2009-12-01,5.19,8.65
84402B,General Furnishings,General Furnishings Sub,2010-11-17,1.77,2.95
84402D,General Furnishings,General Furnishings Sub,2009-12-01,3.62,6.04
84405A,Storage & Accessories,Storage & Accessories Sub,2009-12-02,15.62,26.04
84406B,Kitchen & Dining,Kitchen & Dining Sub,2009-12-01,4.97,8.29
84406b,Kitchen & Dining,Kitchen & Dining Sub,2009-12-22,4.15,6.91
84414B,General Furnishings,General Furnishings Sub,2009-12-10,23.45,39.09
84415A,General Furnishings,General Furnishings Sub,2009-12-08,2.25,3.75
84415B,General Furnishings,General Furnishings Sub,2009-12-03,2.25,3.75
84422,Home Decor & Lighting,Home Decor & Lighting Sub,2009-12-20,1.0,1.66
84424A,Kitchen & Dining,Kitchen & Dining Sub,2010-06-09,2.25,3.75
84425A,Kitchen & Dining,Kitchen & Dining Sub,2009-12-04,2.58,4.3
84427B,Kitchen & Dining,Kitchen & Dining Sub,2009-12-04,2.55,4.25
84429A,General Furnishings,General Furnishings Sub,2009-12-02,3.62,6.04
84437A,Storage & Accessories,Storage & Accessories Sub,2010-01-11,1.02,1.7
84447,General Furnishings,General Furnishings Sub,2010-01-27,1.0,1.66
84450A,General Furnishings,General Furnishings Sub,2009-12-16,0.49,0.81
84450B,General Furnishings,General Furnishings Sub,2009-12-10,0.5,0.83
84452,General Furnishings,General Furnishings Sub,2009-12-04,1.02,1.7
84454,General Furnishings,General Furnishings Sub,2009-12-07,1.0,1.66
84455,General Furnishings,General Furnishings Sub,2010-01-11,1.02,1.7
84456,General Furnishings,General Furnishings Sub,2009-12-04,1.02,1.7
84457,General Furnishings,General Furnishings Sub,2010-01-24,1.0,1.66
84458,General Furnishings,General Furnishings Sub,2010-01-18,0.51,0.85
84459A,Seasonal & Gifts,Seasonal & Gifts Sub,2009-12-01,2.06,3.43
84459B,Seasonal & Gifts,Seasonal & Gifts Sub,2009-12-07,2.02,3.36
84461,Storage & Accessories,Storage & Accessories Sub,2010-01-31,3.04,5.06
84462,Storage & Accessories,Storage & Accessories Sub,2010-02-02,1.51,2.51
84464,Storage & Accessories,Storage & Accessories Sub,2010-01-08,1.53,2.55
84465,Storage & Accessories,Storage & Accessories Sub,2010-02-03,3.04,5.06
84466,General Furnishings,General Furnishings Sub,2009-12-01,1.54,2.57
84467,Seasonal & Gifts,Seasonal & Gifts Sub,2009-12-06,50.56,84.26
84469,General Furnishings,General Furnishings Sub,2009-12-04,8.66,14.43
84472,General Furnishings,General Furnishings Sub,2009-12-01,52.15,86.91
84482,Storage & Accessories,Storage & Accessories Sub,2009-12-06,4.67,7.78
84493,Storage & Accessories,Storage & Accessories Sub,2010-06-13,1.53,2.55
84497,General Furnishings,General Furnishings Sub,2009-12-02,4.67,7.78
84499,Kitchen & Dining,Kitchen & Dining Sub,2009-12-16,1.02,1.7
84507B,Seasonal & Gifts,Seasonal & Gifts Sub,2009-12-01,3.1,5.17
84507C,Seasonal & Gifts,Seasonal & Gifts Sub,2009-12-01,3.1,5.17
84508A,Seasonal & Gifts,Seasonal & Gifts Sub,2009-12-01,3.04,5.06
84508B,Seasonal & Gifts,Seasonal & Gifts Sub,2009-12-04,3.1,5.17
84508C,Seasonal & Gifts,Seasonal & Gifts Sub,2009-12-04,3.04,5.06
84509A,General Furnishings,General Furnishings Sub,2009-12-01,4.67,7.78
84509B,General Furnishings,General Furnishings Sub,2009-12-02,4.67,7.78
84509C,General Furnishings,General Furnishings Sub,2009-12-04,4.67,7.78
84509E,General Furnishings,General Furnishings Sub,2010-01-11,4.67,7.78
84509F,General Furnishings,General Furnishings Sub,2009-12-04,4.57,7.62
84509G,General Furnishings,General Furnishings Sub,2009-12-03,4.67,7.78
84509a,General Furnishings,General Furnishings Sub,2009-12-22,4.67,7.78
84509b,General Furnishings,General Furnishings Sub,2011-02-02,4.48,7.46
84509c,General Furnishings,General Furnishings Sub,2009-12-01,4.67,7.78
84509e,General Furnishings,General Furnishings Sub,2010-07-07,4.57,7.62
84509g,General Furnishings,General Furnishings Sub,2011-05-10,4.48,7.46
84510A,General Furnishings,General Furnishings Sub,2009-12-01,1.54,2.57
84510B,General Furnishings,General Furnishings Sub,2009-12-01,1.54,2.57
84510C,General Furnishings,General Furnishings Sub,2009-12-02,1.54,2.57
84510E,General Furnishings,General Furnishings Sub,2010-01-11,1.54,2.57
84510F,General Furnishings,General Furnishings Sub,2009-12-02,1.54,2.57
84510a,General Furnishings,General Furnishings Sub,2010-06-24,1.51,2.51
84510b,General Furnishings,General Furnishings Sub,2010-08-02,1.29,2.15
84510c,General Furnishings,General Furnishings Sub,2010-06-08,1.51,2.51
84510e,General Furnishings,General Furnishings Sub,2010-04-09,1.51,2.51
84519A,General Furnishings,General Furnishings Sub,2009-12-01,3.62,6.04
84519B,General Furnishings,General Furnishings Sub,2009-12-01,3.62,6.04
84520B,General Furnishings,General Furnishings Sub,2009-12-01,1.02,1.7
84520D,General Furnishings,General Furnishings Sub,2009-12-02,1.02,1.7
84520b,General Furnishings,General Furnishings Sub,2010-03-05,1.51,2.51
84522,Kitchen & Dining,Kitchen & Dining Sub,2009-12-07,1.17,1.95
84526,Kitchen & Dining,Kitchen & Dining Sub,2009-12-02,2.53,4.21
84527,Kitchen & Dining,Kitchen & Dining Sub,2010-03-30,2.53,4.21
84529A,General Furnishings,General Furnishings Sub,2009-12-16,8.32,13.87
84529B,General Furnishings,General Furnishings Sub,2010-02-14,4.05,6.75
84529C,General Furnishings,General Furnishings Sub,2009-12-16,4.05,6.75
84531A,General Furnishings,General Furnishings Sub,2009-12-07,2.58,4.3
84531B,General Furnishings,General Furnishings Sub,2009-12-07,2.58,4.3
84532B,Storage & Accessories,Storage & Accessories Sub,2009-12-02,7.28,12.13
84533B,Storage & Accessories,Storage & Accessories Sub,2009-12-01,7.28,12.13
84534B,General Furnishings,General Furnishings Sub,2009-12-01,1.02,1.7
84534b,General Furnishings,General Furnishings Sub,2010-06-24,1.0,1.66
84535A,General Furnishings,General Furnishings Sub,2009-12-01,0.91,1.52
84535B,General Furnishings,General Furnishings Sub,2009-12-01,0.91,1.52
84536A,General Furnishings,General Furnishings Sub,2009-12-01,0.51,0.85
84536B,General Furnishings,General Furnishings Sub,2009-12-01,0.51,0.85
84536a,General Furnishings,General Furnishings Sub,2010-03-29,0.49,0.81
84536b,General Furnishings,General Furnishings Sub,2010-06-24,0.49,0.81
84537B,Storage & Accessories,Storage & Accessories Sub,2009-12-03,0.25,0.42
84539,General Furnishings,General Furnishings Sub,2009-12-07,0.99,1.65
84546,General Furnishings,General Furnishings Sub,2010-03-01,0.99,1.65
84548,General Furnishings,General Furnishings Sub,2009-12-03,0.99,1.65
84549,General Furnishings,General Furnishings Sub,2009-12-08,2.02,3.36
84550,General Furnishings,General Furnishings Sub,2009-12-11,0.99,1.65
84551,General Furnishings,General Furnishings Sub,2009-12-08,0.99,1.65
84555A,Storage & Accessories,Storage & Accessories Sub,2010-02-02,1.77,2.95
84558A,General Furnishings,General Furnishings Sub,2009-12-01,3.62,6.04
84558a,General Furnishings,General Furnishings Sub,2009-12-01,3.62,6.04
84559A,General Furnishings,General Furnishings Sub,2009-12-01,1.04,1.73
84559B,General Furnishings,General Furnishings Sub,2009-12-01,1.04,1.73
84559D,General Furnishings,General Furnishings Sub,2009-12-01,1.04,1.73
84559a,General Furnishings,General Furnishings Sub,2010-02-01,1.01,1.69
84559b,General Furnishings,General Furnishings Sub,2010-09-28,1.01,1.69
84559d,General Furnishings,General Furnishings Sub,2010-10-22,1.01,1.69
84562A,General Furnishings,General Furnishings Sub,2009-12-03,10.19,16.98
84562B,General Furnishings,General Furnishings Sub,2009-12-02,10.19,16.98
84563A,General Furnishings,General Furnishings Sub,2009-12-07,7.28,12.13
84563B,General Furnishings,General Furnishings Sub,2009-12-20,7.12,11.87
84564,Kitchen & Dining,Kitchen & Dining Sub,2009-12-08,9.89,16.48
84567,Kitchen & Dining,Kitchen & Dining Sub,2010-01-20,0.99,1.65
84568,General Furnishings,General Furnishings Sub,2009-12-01,0.26,0.43
84569A,General Furnishings,General Furnishings Sub,2009-12-02,1.54,2.57
84569B,General Furnishings,General Furnishings Sub,2009-12-04,1.51,2.51
84569C,General Furnishings,General Furnishings Sub,2009-12-02,1.54,2.57
84569D,Seasonal & Gifts,Seasonal & Gifts Sub,2009-12-03,1.54,2.57
84570B,General Furnishings,General Furnishings Sub,2009-12-15,2.97,4.95
84572,General Furnishings,General Furnishings Sub,2009-12-02,5.09,8.49
84575A,General Furnishings,General Furnishings Sub,2010-02-21,3.57,5.95
84575B,General Furnishings,General Furnishings Sub,2009-12-09,3.57,5.95
84576,Seasonal & Gifts,Seasonal & Gifts Sub,2009-12-06,7.28,12.13
84578,General Furnishings,General Furnishings Sub,2009-12-01,2.58,4.3
84580,General Furnishings,General Furnishings Sub,2009-12-01,2.58,4.3
84581,General Furnishings,General Furnishings Sub,2009-12-03,2.58,4.3
84582,General Furnishings,General Furnishings Sub,2009-12-01,2.55,4.25
84584,General Furnishings,General Furnishings Sub,2009-12-03,3.1,5.17
84586L,General Furnishings,General Furnishings Sub,2009-12-06,1.77,2.95
84592,General Furnishings,General Furnishings Sub,2009-12-06,3.62,6.04
84593,General Furnishings,General Furnishings Sub,2009-12-06,1.77,2.95
84595B,Kitchen & Dining,Kitchen & Dining Sub,2009-12-15,2.25,3.75
84595E,Kitchen & Dining,Kitchen & Dining Sub,2009-12-03,5.19,8.65
84596B,Kitchen & Dining,Kitchen & Dining Sub,2009-12-01,1.54,2.57
84596E,Kitchen & Dining,Kitchen & Dining Sub,2009-12-01,1.54,2.57
84596F,Kitchen & Dining,Kitchen & Dining Sub,2009-12-01,1.54,2.57
84596G,Kitchen & Dining,Kitchen & Dining Sub,2009-12-01,1.54,2.57
84596I,Kitchen & Dining,Kitchen & Dining Sub,2010-02-19,1.51,2.51
84596J,Kitchen & Dining,Kitchen & Dining Sub,2009-12-09,1.54,2.57
84596K,Kitchen & Dining,Kitchen & Dining Sub,2009-12-01,1.54,2.57
84596L,Kitchen & Dining,Kitchen & Dining Sub,2009-12-01,1.54,2.57
84596b,Kitchen & Dining,Kitchen & Dining Sub,2010-06-08,1.51,2.51
84596e,Kitchen & Dining,Kitchen & Dining Sub,2010-01-25,1.51,2.51
84596f,Kitchen & Dining,Kitchen & Dining Sub,2010-09-13,1.51,2.51
84596g,Kitchen & Dining,Kitchen & Dining Sub,2010-11-26,1.51,2.51
84596j,Kitchen & Dining,Kitchen & Dining Sub,2010-04-09,1.51,2.51
84596l,Kitchen & Dining,Kitchen & Dining Sub,2011-05-26,1.48,2.46
84597B,General Furnishings,General Furnishings Sub,2009-12-09,1.54,2.57
84597C,General Furnishings,General Furnishings Sub,2009-12-02,1.54,2.57
84598,General Furnishings,General Furnishings Sub,2009-12-01,0.26,0.43
84599,General Furnishings,General Furnishings Sub,2010-01-14,9.68,16.13
84600,Storage & Accessories,Storage & Accessories Sub,2009-12-02,9.89,16.48
84601A,General Furnishings,General Furnishings Sub,2009-12-01,5.71,9.52
84608,Storage & Accessories,Storage & Accessories Sub,2009-12-04,4.77,7.95
84609,Storage & Accessories,Storage & Accessories Sub,2009-12-16,10.41,17.35
84611B,Storage & Accessories,Storage & Accessories Sub,2010-01-07,3.57,5.95
84612B,General Furnishings,General Furnishings Sub,2010-01-08,1.53,2.55
84613A,Home Decor & Lighting,Home Decor & Lighting Sub,2010-02-23,2.79,4.65
84613C,Home Decor & Lighting,Home Decor & Lighting Sub,2010-03-15,2.79,4.65
84614A,Storage & Accessories,Storage & Accessories Sub,2010-02-18,7.12,11.87
84614C,Storage & Accessories,Storage & Accessories Sub,2010-01-05,3.57,5.95
84615,Home Decor & Lighting,Home Decor & Lighting Sub,2009-12-08,9.68,16.13
84616,General Furnishings,General Furnishings Sub,2009-12-16,34.97,58.29
84617,Storage & Accessories,Storage & Accessories Sub,2009-12-07,7.65,12.75
84619,General Furnishings,General Furnishings Sub,2009-12-02,52.15,86.91
84620,General Furnishings,General Furnishings Sub,2009-12-02,12.74,21.23
84621,General Furnishings,General Furnishings Sub,2009-12-14,9.89,16.48
84622,General Furnishings,General Furnishings Sub,2009-12-01,13.02,21.7
84623,General Furnishings,General Furnishings Sub,2009-12-02,9.89,16.48
84625A,Home Decor & Lighting,Home Decor & Lighting Sub,2009-12-03,3.55,5.91
84625B,Home Decor & Lighting,Home Decor & Lighting Sub,2009-12-04,1.77,2.95
84625C,Home Decor & Lighting,Home Decor & Lighting Sub,2009-12-02,3.62,6.04
84625D,Home Decor & Lighting,Home Decor & Lighting Sub,2009-12-03,3.55,5.91
84626,General Furnishings,General Furnishings Sub,2009-12-09,27.57,45.95
84627,General Furnishings,General Furnishings Sub,2009-12-03,3.57,5.95
84629,General Furnishings,General Furnishings Sub,2010-02-22,13.17,21.95
84630,General Furnishings,General Furnishings Sub,2010-01-21,4.77,7.95
84631,General Furnishings,General Furnishings Sub,2009-12-16,9.68,16.13
84632,General Furnishings,General Furnishings Sub,2010-03-11,35.97,59.95
84637,General Furnishings,General Furnishings Sub,2009-12-14,7.8,13.0
84638,General Furnishings,General Furnishings Sub,2009-12-03,8.84,14.74
84648,Home Decor & Lighting,Home Decor & Lighting Sub,2009-12-01,7.65,12.75
84653,General Furnishings,General Furnishings Sub,2010-01-11,52.15,86.91
84656,General Furnishings,General Furnishings Sub,2009-12-01,3.57,5.95
84657,General Furnishings,General Furnishings Sub,2009-12-18,12.74,21.23
84658,General Furnishings,General Furnishings Sub,2009-12-01,12.74,21.23
84659A,Home Decor & Lighting,Home Decor & Lighting Sub,2009-12-03,3.1,5.17
84660A,Home Decor & Lighting,Home Decor & Lighting Sub,2009-12-18,4.67,7.78
84660B,Home Decor & Lighting,Home Decor & Lighting Sub,2009-12-01,4.67,7.78
84660C,Home Decor & Lighting,Home Decor & Lighting Sub,2009-12-02,4.67,7.78
84660a,Home Decor & Lighting,Home Decor & Lighting Sub,2010-08-02,4.57,7.62
84660b,Home Decor & Lighting,Home Decor & Lighting Sub,2010-06-24,4.57,7.62
84660c,Home Decor & Lighting,Home Decor & Lighting Sub,2010-05-26,4.57,7.62
84661A,Home Decor & Lighting,Home Decor & Lighting Sub,2009-12-07,3.1,5.17
84661B,Home Decor & Lighting,Home Decor & Lighting Sub,2009-12-16,3.1,5.17
84661C,Home Decor & Lighting,Home Decor & Lighting Sub,2009-12-04,3.1,5.17
84661a,Home Decor & Lighting,Home Decor & Lighting Sub,2010-10-15,3.04,5.06
84661b,Home Decor & Lighting,Home Decor & Lighting Sub,2011-10-17,2.98,4.96
84661c,Home Decor & Lighting,Home Decor & Lighting Sub,2010-03-05,3.04,5.06
84663A,Home Decor & Lighting,Home Decor & Lighting Sub,2009-12-07,7.12,11.87
84664,General Furnishings,General Furnishings Sub,2009-12-09,2.97,4.95
84665,General Furnishings,General Furnishings Sub,2009-12-09,15.57,25.95
84666,General Furnishings,General Furnishings Sub,2009-12-09,2.37,3.95
84670,General Furnishings,General Furnishings Sub,2009-12-01,1.02,1.7
84671B,General Furnishings,General Furnishings Sub,2009-12-01,3.1,5.17
84673A,General Furnishings,General Furnishings Sub,2009-12-02,0.78,1.3
84673B,General Furnishings,General Furnishings Sub,2009-12-01,0.98,1.63
84674,General Furnishings,General Furnishings Sub,2009-12-08,3.62,6.04
84675,General Furnishings,General Furnishings Sub,2009-12-03,3.62,6.04
84676,General Furnishings,General Furnishings Sub,2009-12-03,3.62,6.04
84678,General Furnishings,General Furnishings Sub,2009-12-08,3.1,5.17
84679,Home Decor & Lighting,Home Decor & Lighting Sub,2010-03-02,11.97,19.95
84680,General Furnishings,General Furnishings Sub,2009-12-03,4.77,7.95
84682,General Furnishings,General Furnishings Sub,2009-12-08,3.62,6.04
84683,Home Decor & Lighting,Home Decor & Lighting Sub,2009-12-02,1.54,2.57
84684,General Furnishings,General Furnishings Sub,2009-12-01,3.1,5.17
84685,General Furnishings,General Furnishings Sub,2009-12-02,4.67,7.78
84686,Home Decor & Lighting,Home Decor & Lighting Sub,2009-12-01,5.19,8.65
84687,General Furnishings,General Furnishings Sub,2009-12-03,7.12,11.87
84688,Seasonal & Gifts,Seasonal & Gifts Sub,2009-12-02,5.19,8.65
84689,General Furnishings,General Furnishings Sub,2009-12-18,7.12,11.87
84690,General Furnishings,General Furnishings Sub,2009-12-02,4.77,7.95
84691,General Furnishings,General Furnishings Sub,2009-12-01,1.02,1.7
84692,Storage & Accessories,Storage & Accessories Sub,2009-12-02,2.5,4.17
84705A,General Furnishings,General Furnishings Sub,2009-12-02,2.79,4.65
84705B,General Furnishings,General Furnishings Sub,2009-12-08,5.71,9.52
84705C,General Furnishings,General Furnishings Sub,2009-12-04,5.71,9.52
84705D,General Furnishings,General Furnishings Sub,2009-12-02,2.79,4.65
84705F,General Furnishings,General Furnishings Sub,2009-12-02,2.79,4.65
84705b,General Furnishings,General Furnishings Sub,2009-12-01,2.06,3.43
84706A,Home Decor & Lighting,Home Decor & Lighting Sub,2009-12-17,11.21,18.68
84706B,Home Decor & Lighting,Home Decor & Lighting Sub,2009-12-03,11.21,18.68
84706C,Home Decor & Lighting,Home Decor & Lighting Sub,2009-12-01,5.37,8.95
84706D,Home Decor & Lighting,Home Decor & Lighting Sub,2009-12-18,11.45,19.09
84706F,Home Decor & Lighting,Home Decor & Lighting Sub,2009-12-01,5.37,8.95
84707A,Home Decor & Lighting,Home Decor & Lighting Sub,2009-12-07,12.23,20.38
84707B,Home Decor & Lighting,Home Decor & Lighting Sub,2009-12-08,11.98,19.96
84708B,General Furnishings,General Furnishings Sub,2009-12-02,6.1,10.17
84709A,Home Decor & Lighting,Home Decor & Lighting Sub,2010-05-28,3.57,5.95
84709B,Home Decor & Lighting,Home Decor & Lighting Sub,2009-12-01,3.62,6.04
84711A,Storage & Accessories,Storage & Accessories Sub,2009-12-13,11.98,19.96
84711B,Storage & Accessories,Storage & Accessories Sub,2009-12-02,5.97,9.95
84712B,General Furnishings,General Furnishings Sub,2009-12-02,4.77,7.95
84715,General Furnishings,General Furnishings Sub,2009-12-07,3.62,6.04
84720,General Furnishings,General Furnishings Sub,2010-03-03,7.65,12.75
84721,General Furnishings,General Furnishings Sub,2009-12-03,7.65,12.75
84723,General Furnishings,General Furnishings Sub,2010-02-05,4.77,7.95
84725,General Furnishings,General Furnishings Sub,2009-12-03,2.55,4.25
84726,General Furnishings,General Furnishings Sub,2010-03-03,2.55,4.25
84731,General Furnishings,General Furnishings Sub,2010-04-27,0.99,1.65
84732B,General Furnishings,General Furnishings Sub,2009-12-17,0.99,1.65
84732D,General Furnishings,General Furnishings Sub,2009-12-17,0.99,1.65
84741C,General Furnishings,General Furnishings Sub,2009-12-06,2.58,4.3
84743C,General Furnishings,General Furnishings Sub,2010-03-12,0.75,1.25
84744,General Furnishings,General Furnishings Sub,2009-12-07,1.51,2.51
84745A,General Furnishings,General Furnishings Sub,2009-12-03,0.25,0.42
84745B,General Furnishings,General Furnishings Sub,2009-12-03,0.25,0.42
84746,General Furnishings,General Furnishings Sub,2009-12-07,2.25,3.75
84748,General Furnishings,General Furnishings Sub,2009-12-18,4.57,7.62
84750A,Kitchen & Dining,Kitchen & Dining Sub,2009-12-01,2.58,4.3
84750B,Kitchen & Dining,Kitchen & Dining Sub,2009-12-02,2.58,4.3
84751B,Kitchen & Dining,Kitchen & Dining Sub,2010-02-23,2.25,3.75
84753A,Kitchen & Dining,Kitchen & Dining Sub,2009-12-04,1.0,1.66
84754,Kitchen & Dining,Kitchen & Dining Sub,2009-12-01,1.54,2.57
84755,Kitchen & Dining,Kitchen & Dining Sub,2009-12-01,3.1,5.17
84757,General Furnishings,General Furnishings Sub,2010-05-16,8.97,14.95
84760L,Kitchen & Dining,Kitchen & Dining Sub,2010-05-04,0.96,1.6
84760S,Kitchen & Dining,Kitchen & Dining Sub,2009-12-09,1.82,3.04
84761,General Furnishings,General Furnishings Sub,2009-12-03,3.1,5.17
84762A,General Furnishings,General Furnishings Sub,2009-12-04,6.45,10.75
84762B,General Furnishings,General Furnishings Sub,2009-12-04,6.45,10.75
84762C,General Furnishings,General Furnishings Sub,2009-12-07,6.45,10.75
84763,General Furnishings,General Furnishings Sub,2009-12-03,1.54,2.57
84765,General Furnishings,General Furnishings Sub,2009-12-02,15.29,25.49
84766,Home Decor & Lighting,Home Decor & Lighting Sub,2010-01-14,3.57,5.95
84767,Storage & Accessories,Storage & Accessories Sub,2009-12-01,6.76,11.26
84770,Home Decor & Lighting,Home Decor & Lighting Sub,2010-02-28,5.97,9.95
84773,General Furnishings,General Furnishings Sub,2009-12-01,1.77,2.95
84782A,Kitchen & Dining,Kitchen & Dining Sub,2009-12-01,7.65,12.75
84782B,Kitchen & Dining,Kitchen & Dining Sub,2009-12-15,7.65,12.75
84782C,Kitchen & Dining,Kitchen & Dining Sub,2009-12-01,7.65,12.75
84789,General Furnishings,General Furnishings Sub,2009-12-06,4.57,7.62
84791,Seasonal & Gifts,Seasonal & Gifts Sub,2009-12-01,3.62,6.04
84792,General Furnishings,General Furnishings Sub,2009-12-01,5.71,9.52
84795A,General Furnishings,General Furnishings Sub,2009-12-06,10.19,16.98
84795B,General Furnishings,General Furnishings Sub,2009-12-06,10.41,17.35
84795C,General Furnishings,General Furnishings Sub,2009-12-02,10.19,16.98
84795D,General Furnishings,General Furnishings Sub,2009-12-04,10.19,16.98
84795E,General Furnishings,General Furnishings Sub,2009-12-02,4.77,7.95
84795b,General Furnishings,General Furnishings Sub,2010-06-08,10.19,16.98
84796A,General Furnishings,General Furnishings Sub,2009-12-07,15.62,26.04
84796B,General Furnishings,General Furnishings Sub,2010-03-05,15.29,25.49
84796a,General Furnishings,General Furnishings Sub,2010-03-29,5.08,8.47
84796b,General Furnishings,General Furnishings Sub,2009-12-01,5.19,8.65
84797A,General Furnishings,General Furnishings Sub,2010-01-29,20.45,34.08
84797B,General Furnishings,General Furnishings Sub,2009-12-14,20.84,34.74
84797a,General Furnishings,General Furnishings Sub,2009-12-01,6.76,11.26
84797b,General Furnishings,General Furnishings Sub,2009-12-01,6.76,11.26
84798A,General Furnishings,General Furnishings Sub,2010-01-05,1.53,2.55
84798B,General Furnishings,General Furnishings Sub,2010-01-07,1.53,2.55
84798C,General Furnishings,General Furnishings Sub,2010-01-05,1.53,2.55
84799,General Furnishings,General Furnishings Sub,2010-01-21,0.75,1.25
84800L,General Furnishings,General Furnishings Sub,2010-01-19,1.27,2.12
84800M,General Furnishings,General Furnishings Sub,2010-01-28,1.01,1.69
84800S,General Furnishings,General Furnishings Sub,2010-02-19,0.75,1.25
84801A,General Furnishings,General Furnishings Sub,2010-01-05,1.26,2.1
84801B,General Furnishings,General Furnishings Sub,2009-12-17,1.26,2.1
84802A,General Furnishings,General Furnishings Sub,2009-12-11,1.01,1.69
84802B,General Furnishings,General Furnishings Sub,2009-12-02,1.01,1.69
84803A,General Furnishings,General Furnishings Sub,2010-01-07,1.01,1.69
84803B,General Furnishings,General Furnishings Sub,2010-02-04,1.01,1.69
84804A,General Furnishings,General Furnishings Sub,2010-01-19,1.77,2.95
84804B,General Furnishings,General Furnishings Sub,2010-01-05,1.77,2.95
84805A,General Furnishings,General Furnishings Sub,2010-03-02,2.25,3.75
84805B,General Furnishings,General Furnishings Sub,2010-01-07,2.25,3.75
84806A,General Furnishings,General Furnishings Sub,2010-01-24,0.87,1.45
84806B,General Furnishings,General Furnishings Sub,2010-03-14,0.87,1.45
84807,General Furnishings,General Furnishings Sub,2010-01-07,1.01,1.69
84809A,General Furnishings,General Furnishings Sub,2010-01-27,1.26,2.1
84809B,General Furnishings,General Furnishings Sub,2010-01-27,1.26,2.1
84813,General Furnishings,General Furnishings Sub,2009-12-01,15.29,25.49
84814A,Kitchen & Dining,Kitchen & Dining Sub,2010-03-26,1.17,1.95
84814B,Kitchen & Dining,Kitchen & Dining Sub,2009-12-01,1.17,1.95
84815,General Furnishings,General Furnishings Sub,2009-12-10,5.19,8.65
84816,General Furnishings,General Furnishings Sub,2009-12-21,23.97,39.95
84817,Kitchen & Dining,Kitchen & Dining Sub,2010-02-08,1.26,2.1
84818,General Furnishings,General Furnishings Sub,2009-12-02,3.1,5.17
84819,Storage & Accessories,Storage & Accessories Sub,2009-12-06,5.08,8.47
84820,General Furnishings,General Furnishings Sub,2010-01-19,7.12,11.87
84821,General Furnishings,General Furnishings Sub,2009-12-22,1.02,1.7
84823,General Furnishings,General Furnishings Sub,2010-04-26,23.97,39.95
84824,General Furnishings,General Furnishings Sub,2009-12-14,19.8,33.0
84826,Seasonal & Gifts,Seasonal & Gifts Sub,2009-12-06,0.51,0.85
84827,General Furnishings,General Furnishings Sub,2009-12-08,0.39,0.65
84828,Storage & Accessories,Storage & Accessories Sub,2009-12-02,1.77,2.95
84830,General Furnishings,General Furnishings Sub,2009-12-05,10.17,16.95
84832,Home Decor & Lighting,Home Decor & Lighting Sub,2009-12-01,1.17,1.95
84836,Seasonal & Gifts,Seasonal & Gifts Sub,2009-12-01,1.54,2.57
84837,Seasonal & Gifts,Seasonal & Gifts Sub,2009-12-01,15.62,26.04
84838,Storage & Accessories,Storage & Accessories Sub,2009-12-18,5.1,8.5
84839,Seasonal & Gifts,Seasonal & Gifts Sub,2009-12-01,7.8,13.0
84840,Storage & Accessories,Storage & Accessories Sub,2010-05-02,10.19,16.98
84842,General Furnishings,General Furnishings Sub,2009-12-07,4.67,7.78
84843,Kitchen & Dining,Kitchen & Dining Sub,2009-12-07,7.28,12.13
84845A,General Furnishings,General Furnishings Sub,2009-12-06,0.75,1.25
84845C,General Furnishings,General Furnishings Sub,2009-12-06,0.75,1.25
84845D,General Furnishings,General Furnishings Sub,2009-12-06,0.75,1.25
84846A,Home Decor & Lighting,Home Decor & Lighting Sub,2009-12-04,2.58,4.3
84847,General Furnishings,General Furnishings Sub,2009-12-14,4.67,7.78
84849A,Storage & Accessories,Storage & Accessories Sub,2009-12-08,2.02,3.36
84849B,Storage & Accessories,Storage & Accessories Sub,2009-12-01,2.06,3.43
84849D,Storage & Accessories,Storage & Accessories Sub,2010-01-14,2.02,3.36
84854,General Furnishings,General Furnishings Sub,2009-12-01,5.19,8.65
84855,General Furnishings,General Furnishings Sub,2009-12-01,5.19,8.65
84856L,Storage & Accessories,Storage & Accessories Sub,2009-12-17,7.28,12.13
84856S,Storage & Accessories,Storage & Accessories Sub,2009-12-14,5.71,9.52
84857A,Storage & Accessories,Storage & Accessories Sub,2010-02-03,5.1,8.5
84857B,Storage & Accessories,Storage & Accessories Sub,2011-07-21,1.17,1.95
84857C,Storage & Accessories,Storage & Accessories Sub,2010-06-16,10.19,16.98
84858A,Storage & Accessories,Storage & Accessories Sub,2009-12-04,7.28,12.13
84858B,Storage & Accessories,Storage & Accessories Sub,2010-04-28,3.57,5.95
84858C,Storage & Accessories,Storage & Accessories Sub,2009-12-18,7.12,11.87
84859A,Storage & Accessories,Storage & Accessories Sub,2009-12-11,6.61,11.02
84859B,Storage & Accessories,Storage & Accessories Sub,2010-02-03,3.57,5.95
84859C,Storage & Accessories,Storage & Accessories Sub,2009-12-11,3.57,5.95
84864A,General Furnishings,General Furnishings Sub,2010-02-08,8.14,13.57
84865,General Furnishings,General Furnishings Sub,2009-12-22,10.41,17.35
84867A,General Furnishings,General Furnishings Sub,2010-01-07,8.14,13.57
84867a,General Furnishings,General Furnishings Sub,2010-05-05,8.14,13.57
84867b,General Furnishings,General Furnishings Sub,2010-01-25,8.14,13.57
84868A,Storage & Accessories,Storage & Accessories Sub,2010-01-26,4.17,6.95
84868B,Storage & Accessories,Storage & Accessories Sub,2010-01-26,4.17,6.95
84869,General Furnishings,General Furnishings Sub,2009-12-09,7.28,12.13
84870B,General Furnishings,General Furnishings Sub,2009-12-07,4.67,7.78
84870C,General Furnishings,General Furnishings Sub,2009-12-14,4.67,7.78
84872A,Kitchen & Dining,Kitchen & Dining Sub,2010-03-05,10.17,16.95
84872a,Kitchen & Dining,Kitchen & Dining Sub,2009-12-01,6.76,11.26
84873A,Storage & Accessories,Storage & Accessories Sub,2010-03-05,10.17,16.95
84873a,Storage & Accessories,Storage & Accessories Sub,2009-12-01,6.76,11.26
84874B,General Furnishings,General Furnishings Sub,2009-12-02,0.99,1.65
84875A,Home Decor & Lighting,Home Decor & Lighting Sub,2009-12-02,2.25,3.75
84875B,Home Decor & Lighting,Home Decor & Lighting Sub,2010-04-18,4.48,7.46
84875D,Home Decor & Lighting,Home Decor & Lighting Sub,2009-12-03,2.25,3.75
84876B,Home Decor & Lighting,Home Decor & Lighting Sub,2009-12-10,4.57,7.62
84876C,Home Decor & Lighting,Home Decor & Lighting Sub,2009-12-13,2.25,3.75
84876D,Home Decor & Lighting,Home Decor & Lighting Sub,2009-12-16,4.67,7.78
84877A,Home Decor & Lighting,Home Decor & Lighting Sub,2009-12-17,2.25,3.75
84877B,Home Decor & Lighting,Home Decor & Lighting Sub,2009-12-01,4.48,7.46
84877D,Home Decor & Lighting,Home Decor & Lighting Sub,2009-12-09,2.25,3.75
84879,General Furnishings,General Furnishings Sub,2009-12-01,15.62,26.04
84880,Storage & Accessories,Storage & Accessories Sub,2009-12-03,9.47,15.79
84881,Storage & Accessories,Storage & Accessories Sub,2010-01-28,7.63,12.72
84882,Storage & Accessories,Storage & Accessories Sub,2009-12-03,4.57,7.62
84884A,Seasonal & Gifts,Seasonal & Gifts Sub,2009-12-01,5.19,8.65
84884a,Seasonal & Gifts,Seasonal & Gifts Sub,2010-02-19,5.08,8.47
84886,General Furnishings,General Furnishings Sub,2010-01-28,5.97,9.95
84891B,Storage & Accessories,Storage & Accessories Sub,2010-05-30,4.77,7.95
84893,Storage & Accessories,Storage & Accessories Sub,2009-12-06,3.57,5.95
84898F,Storage & Accessories,Storage & Accessories Sub,2009-12-01,2.53,4.21
84899E,General Furnishings,General Furnishings Sub,2009-12-01,1.54,2.57
84899F,General Furnishings,General Furnishings Sub,2009-12-01,1.54,2.57
84901,General Furnishings,General Furnishings Sub,2009-12-01,2.58,4.3
84902,General Furnishings,General Furnishings Sub,2009-12-01,2.58,4.3
84905,General Furnishings,General Furnishings Sub,2009-12-16,6.23,10.39
84906,General Furnishings,General Furnishings Sub,2009-12-03,7.63,12.72
84907,General Furnishings,General Furnishings Sub,2009-12-02,10.93,18.22
84908A,General Furnishings,General Furnishings Sub,2010-02-07,8.66,14.43
84908B,General Furnishings,General Furnishings Sub,2010-03-02,4.17,6.95
84909A,General Furnishings,General Furnishings Sub,2009-12-09,27.57,45.95
84910A,General Furnishings,General Furnishings Sub,2009-12-01,13.02,21.7
84912A,Storage & Accessories,Storage & Accessories Sub,2009-12-03,4.67,7.78
84912B,Storage & Accessories,Storage & Accessories Sub,2009-12-01,4.67,7.78
84912a,Storage & Accessories,Storage & Accessories Sub,2009-12-22,4.67,7.78
84913A,General Furnishings,General Furnishings Sub,2009-12-09,5.71,9.52
84913B,General Furnishings,General Furnishings Sub,2009-12-02,5.71,9.52
84914A,General Furnishings,General Furnishings Sub,2010-05-05,15.57,25.95
84915,General Furnishings,General Furnishings Sub,2010-03-30,7.12,11.87
84916,General Furnishings,General Furnishings Sub,2009-12-04,3.57,5.95
84917,General Furnishings,General Furnishings Sub,2010-01-07,7.12,11.87
84918,General Furnishings,General Furnishings Sub,2009-12-06,4.17,6.95
84919,General Furnishings,General Furnishings Sub,2009-12-09,9.89,16.48
84920,General Furnishings,General Furnishings Sub,2009-12-01,4.67,7.78
84921,General Furnishings,General Furnishings Sub,2009-12-13,2.25,3.75
84922,Storage & Accessories,Storage & Accessories Sub,2009-12-03,5.19,8.65
84923,Storage & Accessories,Storage & Accessories Sub,2010-02-04,5.1,8.5
84924A,Seasonal & Gifts,Seasonal & Gifts Sub,2009-12-04,4.67,7.78
84924D,Seasonal & Gifts,Seasonal & Gifts Sub,2009-12-04,4.57,7.62
84924F,Seasonal & Gifts,Seasonal & Gifts Sub,2009-12-22,4.67,7.78
84925A,General Furnishings,General Furnishings Sub,2009-12-02,3.1,5.17
84925C,General Furnishings,General Furnishings Sub,2009-12-02,1.53,2.55
84925D,General Furnishings,General Furnishings Sub,2009-12-07,1.53,2.55
84925E,General Furnishings,General Furnishings Sub,2009-12-02,1.53,2.55
84925F,General Furnishings,General Furnishings Sub,2010-01-12,3.04,5.06
84926A,General Furnishings,General Furnishings Sub,2010-03-03,1.51,2.51
84926B,General Furnishings,General Furnishings Sub,2009-12-02,0.75,1.25
84926C,General Furnishings,General Furnishings Sub,2009-12-01,1.54,2.57
84926D,General Furnishings,General Furnishings Sub,2009-12-04,1.51,2.51
84926E,General Furnishings,General Furnishings Sub,2009-12-04,1.51,2.51
84926F,General Furnishings,General Furnishings Sub,2009-12-04,1.54,2.57
84927A,General Furnishings,General Furnishings Sub,2010-02-03,2.53,4.21
84927D,General Furnishings,General Furnishings Sub,2010-04-18,2.53,4.21
84927E,General Furnishings,General Furnishings Sub,2010-02-02,2.53,4.21
84927F,General Furnishings,General Furnishings Sub,2009-12-16,2.53,4.21
84929,General Furnishings,General Furnishings Sub,2009-12-01,0.33,0.55
84931A,General Furnishings,General Furnishings Sub,2009-12-01,3.1,5.17
84931B,General Furnishings,General Furnishings Sub,2009-12-14,3.1,5.17
84932A,General Furnishings,General Furnishings Sub,2009-12-04,5.1,8.5
84932B,General Furnishings,General Furnishings Sub,2009-12-04,5.1,8.5
84932C,General Furnishings,General Furnishings Sub,2009-12-04,5.1,8.5
84932D,General Furnishings,General Furnishings Sub,2009-12-04,10.19,16.98
84933A,General Furnishings,General Furnishings Sub,2009-12-01,5.97,9.95
84933B,General Furnishings,General Furnishings Sub,2009-12-01,5.97,9.95
84933C,General Furnishings,General Furnishings Sub,2009-12-04,5.97,9.95
84934,Seasonal & Gifts,Seasonal & Gifts Sub,2009-12-01,1.02,1.7
84937,General Furnishings,General Furnishings Sub,2009-12-01,6.76,11.26
84942,Seasonal & Gifts,Seasonal & Gifts Sub,2009-12-16,1.01,1.69
84944,General Furnishings,General Furnishings Sub,2009-12-01,4.67,7.78
84945,Storage & Accessories,Storage & Accessories Sub,2009-12-04,6.82,11.36
84946,Kitchen & Dining,Kitchen & Dining Sub,2009-12-01,1.77,2.95
84947,Kitchen & Dining,Kitchen & Dining Sub,2009-12-02,1.54,2.57
84948,Storage & Accessories,Storage & Accessories Sub,2009-12-01,2.06,3.43
84949,Storage & Accessories,Storage & Accessories Sub,2009-12-01,2.06,3.43
84950,Storage & Accessories,Storage & Accessories Sub,2009-12-01,6.23,10.39
84951A,General Furnishings,General Furnishings Sub,2009-12-01,3.1,5.17
84951B,General Furnishings,General Furnishings Sub,2009-12-10,3.1,5.17
84951b,General Furnishings,General Furnishings Sub,2009-12-01,3.1,5.17
84952A,Storage & Accessories,Storage & Accessories Sub,2009-12-06,4.57,7.62
84952B,Storage & Accessories,Storage & Accessories Sub,2009-12-01,4.57,7.62
84952C,Storage & Accessories,Storage & Accessories Sub,2009-12-02,4.57,7.62
84962,General Furnishings,General Furnishings Sub,2010-02-22,35.97,59.95
84963A,General Furnishings,General Furnishings Sub,2010-02-02,29.97,49.95
84963B,General Furnishings,General Furnishings Sub,2010-05-19,29.97,49.95
84964A,General Furnishings,General Furnishings Sub,2010-02-22,36.0,60.0
84964B,General Furnishings,General Furnishings Sub,2010-02-22,36.0,60.0
84965A,Kitchen & Dining,Kitchen & Dining Sub,2010-02-22,36.0,60.0
84965B,Kitchen & Dining,Kitchen & Dining Sub,2010-02-22,77.97,129.95
84966A,Storage & Accessories,Storage & Accessories Sub,2010-01-19,29.97,49.95
84966B,Storage & Accessories,Storage & Accessories Sub,2010-01-19,12.0,20.0
84966C,Storage & Accessories,Storage & Accessories Sub,2010-09-03,7.2,12.0
84967A,General Furnishings,General Furnishings Sub,2010-02-02,47.97,79.95
84967B,General Furnishings,General Furnishings Sub,2010-01-06,47.97,79.95
84967C,General Furnishings,General Furnishings Sub,2010-05-19,47.97,79.95
84968A,Seasonal & Gifts,Seasonal & Gifts Sub,2009-12-03,15.62,26.04
84968B,Seasonal & Gifts,Seasonal & Gifts Sub,2009-12-01,15.62,26.04
84968C,Seasonal & Gifts,Seasonal & Gifts Sub,2009-12-01,15.62,26.04
84968D,Seasonal & Gifts,Seasonal & Gifts Sub,2009-12-08,15.62,26.04
84968E,Seasonal & Gifts,Seasonal & Gifts Sub,2009-12-02,15.62,26.04
84968F,Seasonal & Gifts,Seasonal & Gifts Sub,2009-12-01,15.29,25.49
84968a,Seasonal & Gifts,Seasonal & Gifts Sub,2010-07-07,15.29,25.49
84968b,Seasonal & Gifts,Seasonal & Gifts Sub,2010-07-30,15.29,25.49
84968d,Seasonal & Gifts,Seasonal & Gifts Sub,2010-06-08,15.29,25.49
84968e,Seasonal & Gifts,Seasonal & Gifts Sub,2010-06-08,15.29,25.49
84968f,Seasonal & Gifts,Seasonal & Gifts Sub,2010-10-04,15.29,25.49
84969,Kitchen & Dining,Kitchen & Dining Sub,2009-12-02,5.19,8.65
84970L,Storage & Accessories,Storage & Accessories Sub,2009-12-01,1.3,2.17
84970S,Storage & Accessories,Storage & Accessories Sub,2009-12-01,1.3,2.17
84970l,Storage & Accessories,Storage & Accessories Sub,2010-05-26,1.28,2.13
84970s,Storage & Accessories,Storage & Accessories Sub,2010-06-04,1.28,2.13
84971L,Seasonal & Gifts,Seasonal & Gifts Sub,2009-12-01,1.54,2.57
84971S,Seasonal & Gifts,Seasonal & Gifts Sub,2009-12-02,1.02,1.7
84971l,Seasonal & Gifts,Seasonal & Gifts Sub,2011-11-25,1.48,2.46
84971s,Seasonal & Gifts,Seasonal & Gifts Sub,2010-05-26,1.0,1.66
84972L,Storage & Accessories,Storage & Accessories Sub,2009-12-09,2.37,3.95
84974,Seasonal & Gifts,Seasonal & Gifts Sub,2010-01-06,5.97,9.95
84975,Home Decor & Lighting,Home Decor & Lighting Sub,2009-12-01,2.06,3.43
84976,Home Decor & Lighting,Home Decor & Lighting Sub,2009-12-09,2.06,3.43
84977,Storage & Accessories,Storage & Accessories Sub,2009-12-01,1.54,2.57
84978,Storage & Accessories,Storage & Accessories Sub,2009-12-04,1.77,2.95
84984A,General Furnishings,General Furnishings Sub,2010-01-08,7.12,11.87
84984B,General Furnishings,General Furnishings Sub,2010-01-08,2.79,4.65
84984C,General Furnishings,General Furnishings Sub,2009-12-09,7.28,12.13
84984D,General Furnishings,General Furnishings Sub,2009-12-01,7.28,12.13
84985A,General Furnishings,General Furnishings Sub,2009-12-01,1.82,3.04
84985B,General Furnishings,General Furnishings Sub,2009-12-01,1.82,3.04
84985a,General Furnishings,General Furnishings Sub,2010-06-24,1.79,2.98
84985b,General Furnishings,General Furnishings Sub,2010-05-26,1.79,2.98
84986B,General Furnishings,General Furnishings Sub,2009-12-01,1.82,3.04
84986b,General Furnishings,General Furnishings Sub,2010-05-26,1.79,2.98
84987,Kitchen & Dining,Kitchen & Dining Sub,2009-12-01,2.3,3.83
84988,Seasonal & Gifts,Seasonal & Gifts Sub,2009-12-01,2.3,3.83
84989A,Storage & Accessories,Storage & Accessories Sub,2009-12-02,0.78,1.3
84989B,Storage & Accessories,Storage & Accessories Sub,2009-12-03,0.78,1.3
84989a,Storage & Accessories,Storage & Accessories Sub,2010-06-04,1.28,2.13
84989b,Storage & Accessories,Storage & Accessories Sub,2010-01-25,0.77,1.28
84990,Storage & Accessories,Storage & Accessories Sub,2009-12-01,0.78,1.3
84991,Kitchen & Dining,Kitchen & Dining Sub,2009-12-01,1.28,2.13
84992,Storage & Accessories,Storage & Accessories Sub,2009-12-01,1.28,2.13
84993A,Storage & Accessories,Storage & Accessories Sub,2009-12-03,0.52,0.86
84993B,Storage & Accessories,Storage & Accessories Sub,2009-12-03,0.52,0.86
84993a,Storage & Accessories,Storage & Accessories Sub,2010-01-25,0.51,0.85
84993b,Storage & Accessories,Storage & Accessories Sub,2010-01-25,0.51,0.85
84997A,General Furnishings,General Furnishings Sub,2009-12-01,4.97,8.29
84997B,General Furnishings,General Furnishings Sub,2009-12-01,5.0,8.33
84997C,General Furnishings,General Furnishings Sub,2009-12-01,4.97,8.29
84997D,General Furnishings,General Furnishings Sub,2009-12-01,5.0,8.33
84997a,General Furnishings,General Furnishings Sub,2010-04-26,5.08,8.47
84997b,General Furnishings,General Furnishings Sub,2010-06-24,7.88,13.13
84997c,General Furnishings,General Furnishings Sub,2010-08-31,7.88,13.13
84997d,General Furnishings,General Furnishings Sub,2010-02-19,7.88,13.13
85006,Storage & Accessories,Storage & Accessories Sub,2009-12-01,3.55,5.91
85007,Kitchen & Dining,Kitchen & Dining Sub,2009-12-02,5.59,9.32
85008,Storage & Accessories,Storage & Accessories Sub,2009-12-01,6.23,10.39
85014A,General Furnishings,General Furnishings Sub,2009-12-01,7.8,13.0
85014B,General Furnishings,General Furnishings Sub,2009-12-01,7.8,13.0
85014C,General Furnishings,General Furnishings Sub,2009-12-01,7.8,13.0
85014D,General Furnishings,General Furnishings Sub,2009-12-01,7.8,13.0
85014a,General Furnishings,General Furnishings Sub,2010-06-24,7.63,12.72
85014b,General Furnishings,General Furnishings Sub,2009-12-01,7.8,13.0
85015,Seasonal & Gifts,Seasonal & Gifts Sub,2009-12-01,1.54,2.57
85016,Seasonal & Gifts,Seasonal & Gifts Sub,2009-12-01,1.54,2.57
85017A,General Furnishings,General Furnishings Sub,2009-12-01,0.51,0.85
85017B,General Furnishings,General Furnishings Sub,2009-12-02,0.75,1.25
85017C,General Furnishings,General Furnishings Sub,2009-12-01,0.51,0.85
85018A,Storage & Accessories,Storage & Accessories Sub,2009-12-16,2.55,4.25
85018B,Storage & Accessories,Storage & Accessories Sub,2009-12-16,2.55,4.25
85018C,Storage & Accessories,Storage & Accessories Sub,2009-12-09,2.55,4.25
85018D,Storage & Accessories,Storage & Accessories Sub,2009-12-02,3.1,5.17
85019A,General Furnishings,General Furnishings Sub,2010-01-05,5.08,8.47
85019B,General Furnishings,General Furnishings Sub,2010-03-18,4.97,8.29
85019C,General Furnishings,General Furnishings Sub,2009-12-04,5.08,8.47
85020,Home Decor & Lighting,Home Decor & Lighting Sub,2009-12-04,2.58,4.3
85023A,General Furnishings,General Furnishings Sub,2009-12-04,1.53,2.55
85023B,General Furnishings,General Furnishings Sub,2009-12-03,1.53,2.55
85023C,General Furnishings,General Furnishings Sub,2010-01-18,1.53,2.55
85024A,General Furnishings,General Furnishings Sub,2009-12-04,0.99,1.65
85024B,General Furnishings,General Furnishings Sub,2010-01-19,0.99,1.65
85024C,General Furnishings,General Furnishings Sub,2009-12-04,0.99,1.65
85025B,Seasonal & Gifts,Seasonal & Gifts Sub,2009-12-07,2.06,3.43
85025C,Seasonal & Gifts,Seasonal & Gifts Sub,2009-12-02,2.06,3.43
85026B,Storage & Accessories,Storage & Accessories Sub,2009-12-01,1.02,1.7
85027L,Kitchen & Dining,Kitchen & Dining Sub,2010-01-17,4.77,7.95
85028L,Kitchen & Dining,Kitchen & Dining Sub,2009-12-01,9.68,16.13
85028S,Kitchen & Dining,Kitchen & Dining Sub,2009-12-01,6.1,10.17
85030,Kitchen & Dining,Kitchen & Dining Sub,2009-12-15,4.77,7.95
85031A,General Furnishings,General Furnishings Sub,2009-12-01,2.97,4.95
85031B,General Furnishings,General Furnishings Sub,2009-12-01,2.97,4.95
85031C,General Furnishings,General Furnishings Sub,2009-12-01,2.97,4.95
85032A,General Furnishings,General Furnishings Sub,2009-12-02,2.58,4.3
85032B,General Furnishings,General Furnishings Sub,2010-01-22,2.53,4.21
85032C,General Furnishings,General Furnishings Sub,2009-12-04,2.53,4.21
85032D,General Furnishings,General Furnishings Sub,2009-12-02,1.26,2.1
85033G,Home Decor & Lighting,Home Decor & Lighting Sub,2009-12-01,2.58,4.3
85033S,Home Decor & Lighting,Home Decor & Lighting Sub,2009-12-01,2.58,4.3
85034A,Storage & Accessories,Storage & Accessories Sub,2009-12-01,5.19,8.65
85034B,Storage & Accessories,Storage & Accessories Sub,2009-12-01,5.19,8.65
85034C,Storage & Accessories,Storage & Accessories Sub,2009-12-04,5.19,8.65
85034a,Storage & Accessories,Storage & Accessories Sub,2011-05-23,4.97,8.29
85034b,Storage & Accessories,Storage & Accessories Sub,2011-11-25,4.97,8.29
85035A,Storage & Accessories,Storage & Accessories Sub,2009-12-02,5.19,8.65
85035B,Storage & Accessories,Storage & Accessories Sub,2009-12-06,5.08,8.47
85035C,Storage & Accessories,Storage & Accessories Sub,2009-12-02,5.08,8.47
85035a,Storage & Accessories,Storage & Accessories Sub,2010-11-24,5.08,8.47
85035b,Storage & Accessories,Storage & Accessories Sub,2010-02-19,5.08,8.47
85035c,Storage & Accessories,Storage & Accessories Sub,2010-11-24,5.08,8.47
85036A,Storage & Accessories,Storage & Accessories Sub,2009-12-03,5.08,8.47
85036B,Storage & Accessories,Storage & Accessories Sub,2009-12-01,2.55,4.25
85036C,Storage & Accessories,Storage & Accessories Sub,2009-12-01,4.97,8.29
85036a,Storage & Accessories,Storage & Accessories Sub,2011-07-12,4.97,8.29
85036b,Storage & Accessories,Storage & Accessories Sub,2010-10-22,5.08,8.47
85038,Home Decor & Lighting,Home Decor & Lighting Sub,2009-12-01,2.58,4.3
85039A,Kitchen & Dining,Kitchen & Dining Sub,2009-12-01,2.06,3.43
85039B,Kitchen & Dining,Kitchen & Dining Sub,2009-12-02,2.02,3.36
85039C,Kitchen & Dining,Kitchen & Dining Sub,2009-12-03,2.06,3.43
85039a,Kitchen & Dining,Kitchen & Dining Sub,2010-02-19,2.02,3.36
85039b,Kitchen & Dining,Kitchen & Dining Sub,2010-02-19,2.02,3.36
85040A,Kitchen & Dining,Kitchen & Dining Sub,2009-12-03,2.06,3.43
85040B,Kitchen & Dining,Kitchen & Dining Sub,2009-12-01,2.06,3.43
85040a,Kitchen & Dining,Kitchen & Dining Sub,2009-12-01,2.06,3.43
85040b,Kitchen & Dining,Kitchen & Dining Sub,2010-04-26,2.02,3.36
85041,Kitchen & Dining,Kitchen & Dining Sub,2009-12-01,2.06,3.43
85042,Home Decor & Lighting,Home Decor & Lighting Sub,2009-12-01,6.76,11.26
85043,Home Decor & Lighting,Home Decor & Lighting Sub,2010-01-04,2.97,4.95
85044,Home Decor & Lighting,Home Decor & Lighting Sub,2009-12-01,6.76,11.26
85045,Home Decor & Lighting,Home Decor & Lighting Sub,2009-12-01,6.76,11.26
85047,Home Decor & Lighting,Home Decor & Lighting Sub,2009-12-01,7.8,13.0
85048,Kitchen & Dining,Kitchen & Dining Sub,2009-12-01,10.41,17.35
85049A,Seasonal & Gifts,Seasonal & Gifts Sub,2009-12-01,1.77,2.95
85049B,General Furnishings,General Furnishings Sub,2009-12-01,1.54,2.57
85049C,General Furnishings,General Furnishings Sub,2009-12-01,1.54,2.57
85049D,General Furnishings,General Furnishings Sub,2009-12-01,1.54,2.57
85049E,General Furnishings,General Furnishings Sub,2009-12-01,1.95,3.25
85049F,General Furnishings,General Furnishings Sub,2009-12-02,1.54,2.57
85049G,Storage & Accessories,Storage & Accessories Sub,2009-12-01,1.54,2.57
85049H,General Furnishings,General Furnishings Sub,2009-12-01,1.54,2.57
85049a,Seasonal & Gifts,Seasonal & Gifts Sub,2010-08-13,2.02,3.36
85049b,General Furnishings,General Furnishings Sub,2010-06-24,1.51,2.51
85049c,General Furnishings,General Furnishings Sub,2011-11-23,1.48,2.46
85049d,General Furnishings,General Furnishings Sub,2011-03-29,1.48,2.46
85049e,General Furnishings,General Furnishings Sub,2010-06-24,2.02,3.36
85049g,Storage & Accessories,Storage & Accessories Sub,2010-11-30,1.51,2.51
85050,General Furnishings,General Furnishings Sub,2010-05-11,1.26,2.1
85053,Storage & Accessories,Storage & Accessories Sub,2009-12-01,2.58,4.3
85054,General Furnishings,General Furnishings Sub,2009-12-01,3.62,6.04
85055,Storage & Accessories,Storage & Accessories Sub,2009-12-01,4.67,7.78
85059,General Furnishings,General Furnishings Sub,2009-12-01,4.67,7.78
85060,Seasonal & Gifts,Seasonal & Gifts Sub,2009-12-04,1.54,2.57
85061W,Seasonal & Gifts,Seasonal & Gifts Sub,2009-12-01,1.02,1.7
85062,Home Decor & Lighting,Home Decor & Lighting Sub,2009-12-10,1.54,2.57
85063,Seasonal & Gifts,Seasonal & Gifts Sub,2009-12-01,18.76,31.26
85064,Seasonal & Gifts,Seasonal & Gifts Sub,2009-12-01,6.76,11.26
85065,Seasonal & Gifts,Seasonal & Gifts Sub,2009-12-02,15.62,26.04
85066,Seasonal & Gifts,Seasonal & Gifts Sub,2009-12-01,15.62,26.04
85067,Seasonal & Gifts,Seasonal & Gifts Sub,2009-12-01,23.45,39.09
85068,Seasonal & Gifts,Seasonal & Gifts Sub,2009-12-01,9.68,16.13
85069,Seasonal & Gifts,Seasonal & Gifts Sub,2009-12-11,10.17,16.95
85070,Seasonal & Gifts,Seasonal & Gifts Sub,2010-05-16,75.0,125.0
85071A,Seasonal & Gifts,Seasonal & Gifts Sub,2009-12-01,3.47,5.79
85071B,Seasonal & Gifts,Seasonal & Gifts Sub,2009-12-01,3.55,5.91
85071C,Seasonal & Gifts,Seasonal & Gifts Sub,2009-12-06,3.04,5.06
85071D,Seasonal & Gifts,Seasonal & Gifts Sub,2009-12-01,3.1,5.17
85072,General Furnishings,General Furnishings Sub,2009-12-10,0.33,0.55
85077,General Furnishings,General Furnishings Sub,2009-12-22,3.57,5.95
85078,Seasonal & Gifts,Seasonal & Gifts Sub,2009-12-03,3.62,6.04
85079,General Furnishings,General Furnishings Sub,2009-12-03,1.27,2.12
85080,Seasonal & Gifts,Seasonal & Gifts Sub,2009-12-02,0.75,1.25
85081,Seasonal & Gifts,Seasonal & Gifts Sub,2009-12-09,0.75,1.25
85083,General Furnishings,General Furnishings Sub,2009-12-03,1.53,2.55
85084,Seasonal & Gifts,Seasonal & Gifts Sub,2009-12-08,2.58,4.3
85086A,Seasonal & Gifts,Seasonal & Gifts Sub,2009-12-01,1.02,1.7
85087,General Furnishings,General Furnishings Sub,2009-12-04,5.19,8.65
85088,Storage & Accessories,Storage & Accessories Sub,2009-12-02,2.53,4.21
85089,General Furnishings,General Furnishings Sub,2009-12-02,3.62,6.04
85090,General Furnishings,General Furnishings Sub,2009-12-01,5.71,9.52
85091,Storage & Accessories,Storage & Accessories Sub,2009-12-14,6.23,10.39
85092,Kitchen & Dining,Kitchen & Dining Sub,2010-01-11,4.15,6.91
85093,General Furnishings,General Furnishings Sub,2009-12-07,1.54,2.57
85094,General Furnishings,General Furnishings Sub,2009-12-15,1.54,2.57
85095,General Furnishings,General Furnishings Sub,2010-08-19,2.48,4.13
85096,General Furnishings,General Furnishings Sub,2009-12-04,4.57,7.62
85097B,General Furnishings,General Furnishings Sub,2009-12-02,4.67,7.78
85098B,General Furnishings,General Furnishings Sub,2009-12-02,4.67,7.78
85099B,Storage & Accessories,Storage & Accessories Sub,2009-12-01,3.04,5.06
85099C,Storage & Accessories,Storage & Accessories Sub,2009-12-01,3.04,5.06
85099F,Storage & Accessories,Storage & Accessories Sub,2009-12-01,3.04,5.06
85099b,Storage & Accessories,Storage & Accessories Sub,2010-06-04,3.04,5.06
85099c,Storage & Accessories,Storage & Accessories Sub,2010-06-24,3.04,5.06
85099f,Storage & Accessories,Storage & Accessories Sub,2010-07-26,3.04,5.06
85103,Home Decor & Lighting,Home Decor & Lighting Sub,2009-12-02,8.32,13.87
85104,Kitchen & Dining,Kitchen & Dining Sub,2009-12-01,3.55,5.91
85106,Kitchen & Dining,Kitchen & Dining Sub,2009-12-08,2.53,4.21
85107,Kitchen & Dining,Kitchen & Dining Sub,2009-12-02,3.04,5.06
85109,Storage & Accessories,Storage & Accessories Sub,2009-12-11,1.0,1.66
85110,Storage & Accessories,Storage & Accessories Sub,2009-12-10,1.02,1.7
85111,Storage & Accessories,Storage & Accessories Sub,2009-12-02,1.51,2.51
85112,Kitchen & Dining,Kitchen & Dining Sub,2009-12-01,1.54,2.57
85113,General Furnishings,General Furnishings Sub,2009-12-02,2.58,4.3
85114A,General Furnishings,General Furnishings Sub,2010-06-21,2.02,3.36
85114B,General Furnishings,General Furnishings Sub,2009-12-01,2.06,3.43
85114C,General Furnishings,General Furnishings Sub,2009-12-02,2.06,3.43
85114a,General Furnishings,General Furnishings Sub,2009-12-22,2.06,3.43
85114b,General Furnishings,General Furnishings Sub,2009-12-01,2.06,3.43
85114c,General Furnishings,General Furnishings Sub,2009-12-01,2.06,3.43
85115B,General Furnishings,General Furnishings Sub,2010-06-09,4.97,8.29
85116,Storage & Accessories,Storage & Accessories Sub,2009-12-01,1.26,2.1
85117,General Furnishings,General Furnishings Sub,2009-12-05,2.06,3.43
85118,Storage & Accessories,Storage & Accessories Sub,2009-12-07,1.54,2.57
85119,General Furnishings,General Furnishings Sub,2009-12-15,2.02,3.36
85121B,General Furnishings,General Furnishings Sub,2009-12-03,10.41,17.35
85121C,General Furnishings,General Furnishings Sub,2009-12-07,10.41,17.35
85123A,Storage & Accessories,Storage & Accessories Sub,2009-12-01,3.62,6.04
85123a,Storage & Accessories,Storage & Accessories Sub,2010-06-08,4.06,6.77
85123b,Seasonal & Gifts,Seasonal & Gifts Sub,2009-12-22,3.62,6.04
85124A,General Furnishings,General Furnishings Sub,2009-12-01,3.1,5.17
85124B,General Furnishings,General Furnishings Sub,2009-12-08,3.04,5.06
85124C,General Furnishings,General Furnishings Sub,2009-12-08,3.1,5.17
85124a,General Furnishings,General Furnishings Sub,2010-05-26,3.04,5.06
85124b,General Furnishings,General Furnishings Sub,2009-12-22,3.1,5.17
85124c,General Furnishings,General Furnishings Sub,2010-07-22,3.04,5.06
85125,Kitchen & Dining,Kitchen & Dining Sub,2009-12-01,6.1,10.17
85126,Kitchen & Dining,Kitchen & Dining Sub,2009-12-01,8.14,13.57
85127,Kitchen & Dining,Kitchen & Dining Sub,2009-12-01,6.23,10.39
85128,General Furnishings,General Furnishings Sub,2009-12-04,2.06,3.43
85129A,Seasonal & Gifts,Seasonal & Gifts Sub,2009-12-01,1.54,2.57
85129B,Seasonal & Gifts,Seasonal & Gifts Sub,2009-12-15,1.51,2.51
85129C,Seasonal & Gifts,Seasonal & Gifts Sub,2009-12-02,1.54,2.57
85129D,Seasonal & Gifts,Seasonal & Gifts Sub,2009-12-01,1.54,2.57
85130A,Seasonal & Gifts,Seasonal & Gifts Sub,2009-12-01,2.06,3.43
85130B,Seasonal & Gifts,Seasonal & Gifts Sub,2010-01-11,2.06,3.43
85130C,Seasonal & Gifts,Seasonal & Gifts Sub,2010-01-05,2.06,3.43
85130D,Seasonal & Gifts,Seasonal & Gifts Sub,2009-12-02,2.06,3.43
85131A,Seasonal & Gifts,Seasonal & Gifts Sub,2009-12-03,1.54,2.57
85131B,Seasonal & Gifts,Seasonal & Gifts Sub,2009-12-16,1.54,2.57
85131C,Seasonal & Gifts,Seasonal & Gifts Sub,2010-01-28,1.51,2.51
85131D,Seasonal & Gifts,Seasonal & Gifts Sub,2009-12-17,1.51,2.51
85132A,General Furnishings,General Furnishings Sub,2009-12-01,13.02,21.7
85132B,General Furnishings,General Furnishings Sub,2009-12-06,5.97,9.95
85132C,General Furnishings,General Furnishings Sub,2009-12-01,5.97,9.95
85132a,General Furnishings,General Furnishings Sub,2009-12-01,13.02,21.7
85132b,General Furnishings,General Furnishings Sub,2010-03-05,12.74,21.23
85132c,General Furnishings,General Furnishings Sub,2010-07-07,12.74,21.23
85135A,General Furnishings,General Furnishings Sub,2009-12-02,5.19,8.65
85135B,General Furnishings,General Furnishings Sub,2009-12-01,5.19,8.65
85135C,General Furnishings,General Furnishings Sub,2009-12-02,5.19,8.65
85136A,General Furnishings,General Furnishings Sub,2009-12-01,5.19,8.65
85136B,General Furnishings,General Furnishings Sub,2009-12-03,5.19,8.65
85136C,General Furnishings,General Furnishings Sub,2009-12-01,5.19,8.65
85141,Kitchen & Dining,Kitchen & Dining Sub,2009-12-15,6.45,10.75
85142,Kitchen & Dining,Kitchen & Dining Sub,2009-12-06,9.89,16.48
85144,Kitchen & Dining,Kitchen & Dining Sub,2009-12-06,4.35,7.25
85145,Kitchen & Dining,Kitchen & Dining Sub,2009-12-17,7.65,12.75
85146,Kitchen & Dining,Kitchen & Dining Sub,2010-03-26,7.12,11.87
85147,Kitchen & Dining,Kitchen & Dining Sub,2009-12-01,2.97,4.95
85150,Seasonal & Gifts,Seasonal & Gifts Sub,2009-12-01,3.1,5.17
85151,Seasonal & Gifts,Seasonal & Gifts Sub,2009-12-02,0.75,1.25
85152,Seasonal & Gifts,Seasonal & Gifts Sub,2009-12-01,3.0,5.0
85157,General Furnishings,General Furnishings Sub,2010-01-13,7.63,12.72
85159A,Kitchen & Dining,Kitchen & Dining Sub,2009-12-07,7.8,13.0
85159B,Kitchen & Dining,Kitchen & Dining Sub,2009-12-02,7.8,13.0
85159b,Kitchen & Dining,Kitchen & Dining Sub,2009-12-22,7.8,13.0
85160A,Kitchen & Dining,Kitchen & Dining Sub,2009-12-10,9.89,16.48
85160B,Kitchen & Dining,Kitchen & Dining Sub,2009-12-14,9.89,16.48
85160a,Kitchen & Dining,Kitchen & Dining Sub,2010-03-05,9.68,16.13
85160b,Kitchen & Dining,Kitchen & Dining Sub,2010-03-29,9.68,16.13
85161,Home Decor & Lighting,Home Decor & Lighting Sub,2009-12-10,22.96,38.26
85162A,Home Decor & Lighting,Home Decor & Lighting Sub,2009-12-01,6.76,11.26
85162B,Home Decor & Lighting,Home Decor & Lighting Sub,2009-12-07,1.17,1.95
85162C,Home Decor & Lighting,Home Decor & Lighting Sub,2009-12-02,6.76,11.26
85163A,Home Decor & Lighting,Home Decor & Lighting Sub,2009-12-02,15.29,25.49
85163B,Home Decor & Lighting,Home Decor & Lighting Sub,2009-12-22,15.62,26.04
85164B,Home Decor & Lighting,Home Decor & Lighting Sub,2009-12-02,15.62,26.04
85164b,Home Decor & Lighting,Home Decor & Lighting Sub,2009-12-01,15.62,26.04
85165,Home Decor & Lighting,Home Decor & Lighting Sub,2009-12-02,12.5,20.83
85166A,General Furnishings,General Furnishings Sub,2009-12-02,4.67,7.78
85166B,General Furnishings,General Furnishings Sub,2009-12-04,4.67,7.78
85167A,General Furnishings,General Furnishings Sub,2009-12-03,5.19,8.65
85167B,General Furnishings,General Furnishings Sub,2009-12-14,5.19,8.65
85168A,Home Decor & Lighting,Home Decor & Lighting Sub,2009-12-02,5.97,9.95
85168B,Home Decor & Lighting,Home Decor & Lighting Sub,2009-12-02,12.23,20.38
85169A,Home Decor & Lighting,Home Decor & Lighting Sub,2009-12-08,1.54,2.57
85169B,Home Decor & Lighting,Home Decor & Lighting Sub,2009-12-02,1.54,2.57
85169C,Home Decor & Lighting,Home Decor & Lighting Sub,2009-12-08,1.54,2.57
85169D,Home Decor & Lighting,Home Decor & Lighting Sub,2009-12-14,1.54,2.57
85170A,Home Decor & Lighting,Home Decor & Lighting Sub,2009-12-01,2.58,4.3
85170B,Home Decor & Lighting,Home Decor & Lighting Sub,2009-12-02,2.58,4.3
85170C,Home Decor & Lighting,Home Decor & Lighting Sub,2009-12-02,2.58,4.3
85170D,Home Decor & Lighting,Home Decor & Lighting Sub,2009-12-01,2.58,4.3
85171,Home Decor & Lighting,Home Decor & Lighting Sub,2009-12-07,1.53,2.55
85172,Home Decor & Lighting,Home Decor & Lighting Sub,2009-12-01,7.8,13.0
85173,Home Decor & Lighting,Home Decor & Lighting Sub,2009-12-03,3.1,5.17
85174,Home Decor & Lighting,Home Decor & Lighting Sub,2009-12-01,6.76,11.26
85175,Home Decor & Lighting,Home Decor & Lighting Sub,2009-12-01,8.32,13.87
85176,General Furnishings,General Furnishings Sub,2009-12-01,1.02,1.7
85177,Storage & Accessories,Storage & Accessories Sub,2009-12-02,1.0,1.66
85178,General Furnishings,General Furnishings Sub,2009-12-01,1.54,2.57
85179A,Home Decor & Lighting,Home Decor & Lighting Sub,2009-12-03,5.59,9.32
85179B,Home Decor & Lighting,Home Decor & Lighting Sub,2009-12-03,5.71,9.52
85179C,Home Decor & Lighting,Home Decor & Lighting Sub,2009-12-03,5.59,9.32
85179a,Home Decor & Lighting,Home Decor & Lighting Sub,2010-10-28,5.59,9.32
85180A,Home Decor & Lighting,Home Decor & Lighting Sub,2009-12-03,5.59,9.32
85180B,Home Decor & Lighting,Home Decor & Lighting Sub,2009-12-01,5.71,9.52
85183A,General Furnishings,General Furnishings Sub,2009-12-01,4.67,7.78
85183B,General Furnishings,General Furnishings Sub,2009-12-01,4.67,7.78
85184B,Storage & Accessories,Storage & Accessories Sub,2009-12-09,1.77,2.95
85184C,Storage & Accessories,Storage & Accessories Sub,2009-12-01,3.62,6.04
85184D,Storage & Accessories,Storage & Accessories Sub,2009-12-01,3.62,6.04
85184c,Storage & Accessories,Storage & Accessories Sub,2009-12-22,3.62,6.04
85184d,Storage & Accessories,Storage & Accessories Sub,2010-07-22,3.55,5.91
85185B,General Furnishings,General Furnishings Sub,2009-12-01,3.62,6.04
85185C,General Furnishings,General Furnishings Sub,2009-12-02,1.77,2.95
85185D,General Furnishings,General Furnishings Sub,2009-12-01,3.62,6.04
85185E,General Furnishings,General Furnishings Sub,2009-12-03,1.77,2.95
85185F,General Furnishings,General Furnishings Sub,2009-12-02,1.77,2.95
85186A,General Furnishings,General Furnishings Sub,2009-12-01,0.51,0.85
85186B,General Furnishings,General Furnishings Sub,2010-03-17,0.25,0.42
85186C,General Furnishings,General Furnishings Sub,2009-12-01,0.51,0.85
85187,General Furnishings,General Furnishings Sub,2010-01-13,2.02,3.36
85188A,General Furnishings,General Furnishings Sub,2009-12-09,1.02,1.7
85188B,General Furnishings,General Furnishings Sub,2010-01-11,1.0,1.66
85189,General Furnishings,General Furnishings Sub,2009-12-16,1.0,1.66
85190,Seasonal & Gifts,Seasonal & Gifts Sub,2009-12-14,2.06,3.43
85192S,Seasonal & Gifts,Seasonal & Gifts Sub,2010-02-07,0.39,0.65
85194L,General Furnishings,General Furnishings Sub,2009-12-07,1.0,1.66
85194S,General Furnishings,General Furnishings Sub,2010-01-05,1.0,1.66
85195,Storage & Accessories,Storage & Accessories Sub,2009-12-04,2.58,4.3
85196,General Furnishings,General Furnishings Sub,2009-12-07,5.08,8.47
85197,General Furnishings,General Furnishings Sub,2009-12-06,1.26,2.1
85198,General Furnishings,General Furnishings Sub,2009-12-07,1.0,1.66
85199L,General Furnishings,General Furnishings Sub,2009-12-01,0.78,1.3
85199S,General Furnishings,General Furnishings Sub,2009-12-01,0.51,0.85
85200,Storage & Accessories,Storage & Accessories Sub,2009-12-07,1.51,2.51
85202,Seasonal & Gifts,Seasonal & Gifts Sub,2009-12-14,0.52,0.86
85203,General Furnishings,General Furnishings Sub,2009-12-08,0.52,0.86
85204,General Furnishings,General Furnishings Sub,2009-12-14,0.52,0.86
85205A,General Furnishings,General Furnishings Sub,2010-02-02,1.53,2.55
85205B,General Furnishings,General Furnishings Sub,2010-01-11,3.1,5.17
85206A,Storage & Accessories,Storage & Accessories Sub,2009-12-01,2.37,3.95
85206B,Storage & Accessories,Storage & Accessories Sub,2009-12-14,2.02,3.36
85208,Storage & Accessories,Storage & Accessories Sub,2009-12-01,2.53,4.21
85211,General Furnishings,General Furnishings Sub,2009-12-01,2.06,3.43
85212,General Furnishings,General Furnishings Sub,2009-12-02,1.02,1.7
85213,General Furnishings,General Furnishings Sub,2009-12-13,1.02,1.7
85214,General Furnishings,General Furnishings Sub,2009-12-06,2.06,3.43
85215,General Furnishings,General Furnishings Sub,2009-12-10,4.67,7.78
85216,General Furnishings,General Furnishings Sub,2009-12-01,4.67,7.78
85217,General Furnishings,General Furnishings Sub,2009-12-01,4.67,7.78
85218,General Furnishings,General Furnishings Sub,2010-01-14,0.87,1.45
85220,General Furnishings,General Furnishings Sub,2009-12-02,0.99,1.65
85221,General Furnishings,General Furnishings Sub,2009-12-02,1.54,2.57
85222,General Furnishings,General Furnishings Sub,2009-12-02,2.58,4.3
85224,Kitchen & Dining,Kitchen & Dining Sub,2009-12-02,2.58,4.3
85225,General Furnishings,General Furnishings Sub,2009-12-13,0.75,1.25
85226A,General Furnishings,General Furnishings Sub,2009-12-02,1.02,1.7
85226C,General Furnishings,General Furnishings Sub,2009-12-01,1.02,1.7
85227,General Furnishings,General Furnishings Sub,2009-12-01,1.02,1.7
85230A,Home Decor & Lighting,Home Decor & Lighting Sub,2009-12-13,0.17,0.29
85230B,Home Decor & Lighting,Home Decor & Lighting Sub,2009-12-08,0.17,0.29
85230C,Home Decor & Lighting,Home Decor & Lighting Sub,2009-12-10,0.17,0.29
85230D,Home Decor & Lighting,Home Decor & Lighting Sub,2009-12-10,0.17,0.29
85230E,Home Decor & Lighting,Home Decor & Lighting Sub,2009-12-08,0.17,0.29
85230F,Home Decor & Lighting,Home Decor & Lighting Sub,2009-12-02,0.17,0.29
85230G,Home Decor & Lighting,Home Decor & Lighting Sub,2009-12-02,0.17,0.29
85231B,Home Decor & Lighting,Home Decor & Lighting Sub,2009-12-01,1.02,1.7
85231E,Home Decor & Lighting,Home Decor & Lighting Sub,2009-12-01,1.02,1.7
85231G,Home Decor & Lighting,Home Decor & Lighting Sub,2009-12-01,1.02,1.7
85231L,Home Decor & Lighting,Home Decor & Lighting Sub,2009-12-01,1.02,1.7
85231b,Home Decor & Lighting,Home Decor & Lighting Sub,2010-10-01,1.0,1.66
85231e,Home Decor & Lighting,Home Decor & Lighting Sub,2010-03-29,1.0,1.66
85231g,Home Decor & Lighting,Home Decor & Lighting Sub,2011-01-14,0.98,1.63
85232A,General Furnishings,General Furnishings Sub,2009-12-01,6.1,10.17
85232B,General Furnishings,General Furnishings Sub,2009-12-01,6.23,10.39
85232C,General Furnishings,General Furnishings Sub,2010-01-15,2.97,4.95
85232D,General Furnishings,General Furnishings Sub,2009-12-01,6.23,10.39
85232a,General Furnishings,General Furnishings Sub,2010-04-09,6.1,10.17
85232b,General Furnishings,General Furnishings Sub,2009-12-22,6.23,10.39
85232d,General Furnishings,General Furnishings Sub,2010-09-28,6.1,10.17
90000A,General Furnishings,General Furnishings Sub,2009-12-01,3.9,6.5
90000B,General Furnishings,General Furnishings Sub,2009-12-07,3.9,6.5
90000C,General Furnishings,General Furnishings Sub,2009-12-13,3.82,6.37
90000D,General Furnishings,General Furnishings Sub,2009-12-01,3.9,6.5
90001A,General Furnishings,General Furnishings Sub,2009-12-15,2.6,4.33
90001B,General Furnishings,General Furnishings Sub,2010-01-13,2.55,4.25
90001C,General Furnishings,General Furnishings Sub,2009-12-11,2.6,4.33
90001D,General Furnishings,General Furnishings Sub,2009-12-06,2.55,4.25
90002A,General Furnishings,General Furnishings Sub,2009-12-07,2.25,3.75
90002B,General Furnishings,General Furnishings Sub,2009-12-02,2.29,3.81
90002C,General Furnishings,General Furnishings Sub,2009-12-02,2.34,3.9
90002D,General Furnishings,General Furnishings Sub,2009-12-02,2.34,3.9
90002E,General Furnishings,General Furnishings Sub,2009-12-02,2.34,3.9
90003B,Seasonal & Gifts,Seasonal & Gifts Sub,2009-12-01,2.34,3.9
90003C,Seasonal & Gifts,Seasonal & Gifts Sub,2009-12-01,2.34,3.9
90003D,Seasonal & Gifts,Seasonal & Gifts Sub,2009-12-01,2.34,3.9
90003E,Seasonal & Gifts,Seasonal & Gifts Sub,2009-12-16,2.34,3.9
90004A,General Furnishings,General Furnishings Sub,2009-12-15,2.25,3.75
90005A,General Furnishings,General Furnishings Sub,2009-12-01,1.3,2.16
90010A,Kitchen & Dining,Kitchen & Dining Sub,2009-12-03,5.99,9.98
90010B,Kitchen & Dining,Kitchen & Dining Sub,2009-12-02,5.99,9.98
90010E,Kitchen & Dining,Kitchen & Dining Sub,2009-12-01,5.73,9.55
90011A,General Furnishings,General Furnishings Sub,2009-12-03,1.82,3.03
90011B,General Furnishings,General Furnishings Sub,2009-12-03,1.82,3.03
90011C,General Furnishings,General Furnishings Sub,2009-12-04,1.78,2.96
90011D,General Furnishings,General Furnishings Sub,2009-12-02,1.82,3.03
90011E,General Furnishings,General Furnishings Sub,2009-12-08,1.82,3.03
90012A,General Furnishings,General Furnishings Sub,2009-12-03,6.25,10.42
90012B,General Furnishings,General Furnishings Sub,2009-12-03,6.12,10.2
90013A,Seasonal & Gifts,Seasonal & Gifts Sub,2009-12-03,2.34,3.9
90013B,Seasonal & Gifts,Seasonal & Gifts Sub,2009-12-02,2.6,4.33
90013C,Seasonal & Gifts,Seasonal & Gifts Sub,2009-12-01,2.6,4.33
90013D,Seasonal & Gifts,Seasonal & Gifts Sub,2010-01-13,2.54,4.24
90013E,Seasonal & Gifts,Seasonal & Gifts Sub,2009-12-09,2.6,4.33
90014A,General Furnishings,General Furnishings Sub,2009-12-07,6.51,10.85
90014B,General Furnishings,General Furnishings Sub,2009-12-04,6.51,10.85
90014C,General Furnishings,General Furnishings Sub,2009-12-02,6.37,10.62
90016A,General Furnishings,General Furnishings Sub,2009-12-18,5.21,8.68
90016B,General Furnishings,General Furnishings Sub,2009-12-16,5.1,8.5
90016C,General Furnishings,General Furnishings Sub,2010-01-11,5.21,8.68
90018A,General Furnishings,General Furnishings Sub,2009-12-14,2.6,4.33
90018B,General Furnishings,General Furnishings Sub,2009-12-02,2.6,4.33
90018C,General Furnishings,General Furnishings Sub,2009-12-14,2.6,4.33
90019A,General Furnishings,General Furnishings Sub,2009-12-02,3.38,5.63
90019B,General Furnishings,General Furnishings Sub,2010-01-20,3.31,5.51
90019C,General Furnishings,General Furnishings Sub,2009-12-03,3.38,5.63
90020,General Furnishings,General Furnishings Sub,2009-12-17,7.65,12.75
90021,General Furnishings,General Furnishings Sub,2010-08-18,7.17,11.95
90022,General Furnishings,General Furnishings Sub,2009-12-04,2.34,3.9
90023,General Furnishings,General Furnishings Sub,2009-12-01,2.6,4.33
90024A,General Furnishings,General Furnishings Sub,2010-01-28,5.1,8.5
90024B,General Furnishings,General Furnishings Sub,2009-12-01,5.21,8.68
90024C,General Furnishings,General Furnishings Sub,2009-12-03,5.21,8.68
90024D,General Furnishings,General Furnishings Sub,2009-12-09,5.21,8.68
90024E,General Furnishings,General Furnishings Sub,2009-12-02,5.21,8.68
90024F,General Furnishings,General Furnishings Sub,2010-04-19,5.1,8.5
90025A,General Furnishings,General Furnishings Sub,2011-04-10,2.25,3.75
90025B,General Furnishings,General Furnishings Sub,2010-03-07,2.29,3.81
90025C,General Furnishings,General Furnishings Sub,2010-02-17,2.29,3.81
90025D,General Furnishings,General Furnishings Sub,2010-02-16,2.25,3.75
90025E,General Furnishings,General Furnishings Sub,2009-12-02,2.34,3.9
90025F,General Furnishings,General Furnishings Sub,2010-01-11,2.34,3.9
90026A,Kitchen & Dining,Kitchen & Dining Sub,2010-03-19,5.1,8.5
90026B,Kitchen & Dining,Kitchen & Dining Sub,2009-12-13,5.1,8.5
90026C,Kitchen & Dining,Kitchen & Dining Sub,2009-12-10,5.1,8.5
90026D,Kitchen & Dining,Kitchen & Dining Sub,2010-06-07,5.1,8.5
90027A,Kitchen & Dining,Kitchen & Dining Sub,2010-03-21,1.78,2.96
90027B,Kitchen & Dining,Kitchen & Dining Sub,2009-12-09,1.78,2.96
90027C,Kitchen & Dining,Kitchen & Dining Sub,2009-12-14,1.82,3.03
90027D,Kitchen & Dining,Kitchen & Dining Sub,2009-12-02,2.08,3.46
90028,General Furnishings,General Furnishings Sub,2009-12-03,5.21,8.68
90029,General Furnishings,General Furnishings Sub,2009-12-06,5.1,8.5
90030A,General Furnishings,General Furnishings Sub,2009-12-09,3.64,6.07
90030B,General Furnishings,General Furnishings Sub,2009-12-09,3.64,6.07
90030C,General Furnishings,General Furnishings Sub,2009-12-09,3.64,6.07
90031,General Furnishings,General Furnishings Sub,2009-12-15,3.64,6.07
90032,Seasonal & Gifts,Seasonal & Gifts Sub,2010-01-21,3.75,6.25
90033,Seasonal & Gifts,Seasonal & Gifts Sub,2009-12-02,1.55,2.59
90034,Kitchen & Dining,Kitchen & Dining Sub,2009-12-02,6.25,10.41
90035A,General Furnishings,General Furnishings Sub,2009-12-03,6.51,10.85
90035B,General Furnishings,General Furnishings Sub,2009-12-02,6.45,10.75
90035C,General Furnishings,General Furnishings Sub,2009-12-02,6.45,10.75
90036A,General Furnishings,General Furnishings Sub,2009-12-03,4.94,8.24
90036B,Kitchen & Dining,Kitchen & Dining Sub,2010-01-18,4.77,7.95
90036C,Kitchen & Dining,Kitchen & Dining Sub,2009-12-03,4.94,8.24
90036D,Kitchen & Dining,Kitchen & Dining Sub,2009-12-01,4.84,8.07
90036E,Kitchen & Dining,Kitchen & Dining Sub,2009-12-08,4.94,8.24
90036F,Kitchen & Dining,Kitchen & Dining Sub,2009-12-18,4.94,8.24
90037A,General Furnishings,General Furnishings Sub,2009-12-14,1.55,2.59
90037B,General Furnishings,General Furnishings Sub,2010-03-16,1.53,2.55
90037C,General Furnishings,General Furnishings Sub,2009-12-14,1.55,2.59
90037D,General Furnishings,General Furnishings Sub,2009-12-07,1.55,2.59
90038A,Kitchen & Dining,Kitchen & Dining Sub,2009-12-07,2.34,3.9
90038B,Kitchen & Dining,Kitchen & Dining Sub,2009-12-14,2.34,3.9
90038C,Kitchen & Dining,Kitchen & Dining Sub,2009-12-18,2.34,3.9
90039A,Kitchen & Dining,Kitchen & Dining Sub,2009-12-18,2.34,3.9
90039B,Kitchen & Dining,Kitchen & Dining Sub,2010-01-12,2.29,3.81
90039C,Kitchen & Dining,Kitchen & Dining Sub,2009-12-10,2.34,3.9
90039D,Kitchen & Dining,Kitchen & Dining Sub,2009-12-01,2.34,3.9
90040A,Kitchen & Dining,Kitchen & Dining Sub,2009-12-03,2.6,4.33
90040B,Kitchen & Dining,Kitchen & Dining Sub,2009-12-03,2.34,3.9
90040C,Kitchen & Dining,Kitchen & Dining Sub,2009-12-04,2.34,3.9
90040D,Kitchen & Dining,Kitchen & Dining Sub,2009-12-01,2.34,3.9
90041,General Furnishings,General Furnishings Sub,2009-12-09,2.34,3.9
90042A,General Furnishings,General Furnishings Sub,2009-12-02,1.55,2.59
90042B,General Furnishings,General Furnishings Sub,2009-12-02,1.53,2.55
90042C,General Furnishings,General Furnishings Sub,2010-06-02,1.53,2.55
90043,Storage & Accessories,Storage & Accessories Sub,2009-12-17,5.98,9.96
90046,Storage & Accessories,Storage & Accessories Sub,2010-03-26,2.97,4.95
90048,Storage & Accessories,Storage & Accessories Sub,2009-12-08,6.23,10.39
90049,Storage & Accessories,Storage & Accessories Sub,2010-05-23,6.1,10.17
90050,General Furnishings,General Furnishings Sub,2010-01-26,4.33,7.22
90051,General Furnishings,General Furnishings Sub,2010-06-28,4.33,7.22
90052,General Furnishings,General Furnishings Sub,2009-12-22,4.42,7.37
90053,General Furnishings,General Furnishings Sub,2010-01-11,1.53,2.55
90054,General Furnishings,General Furnishings Sub,2009-12-14,1.55,2.59
90055,General Furnishings,General Furnishings Sub,2010-01-11,1.55,2.59
90056,General Furnishings,General Furnishings Sub,2009-12-08,6.77,11.29
90057,Storage & Accessories,Storage & Accessories Sub,2009-12-09,2.25,3.75
90058A,General Furnishings,General Furnishings Sub,2009-12-10,0.23,0.38
90058B,General Furnishings,General Furnishings Sub,2009-12-23,0.64,1.06
90059A,General Furnishings,General Furnishings Sub,2009-12-02,1.03,1.72
90059B,General Furnishings,General Furnishings Sub,2010-01-19,1.01,1.69
90059C,General Furnishings,General Furnishings Sub,2009-12-09,1.03,1.72
90059D,General Furnishings,General Furnishings Sub,2009-12-03,1.03,1.72
90059E,General Furnishings,General Furnishings Sub,2009-12-09,1.03,1.72
90059F,General Furnishings,General Furnishings Sub,2009-12-16,1.03,1.72
90060B,Kitchen & Dining,Kitchen & Dining Sub,2009-12-13,3.57,5.95
90060C,Kitchen & Dining,Kitchen & Dining Sub,2009-12-06,3.57,5.95
90060D,Kitchen & Dining,Kitchen & Dining Sub,2009-12-06,3.57,5.95
90060F,Kitchen & Dining,Kitchen & Dining Sub,2009-12-06,3.64,6.07
90062,General Furnishings,General Furnishings Sub,2009-12-01,7.82,13.03
90063A,General Furnishings,General Furnishings Sub,2010-06-17,5.1,8.5
90063B,General Furnishings,General Furnishings Sub,2009-12-03,5.21,8.68
90064A,Seasonal & Gifts,Seasonal & Gifts Sub,2010-01-13,2.54,4.24
90064B,Seasonal & Gifts,Seasonal & Gifts Sub,2009-12-17,2.25,3.75
90065A,Seasonal & Gifts,Seasonal & Gifts Sub,2009-12-02,4.42,7.37
90065B,General Furnishings,General Furnishings Sub,2009-12-13,4.42,7.37
90066A,Seasonal & Gifts,Seasonal & Gifts Sub,2010-07-19,4.05,6.75
90067A,Seasonal & Gifts,Seasonal & Gifts Sub,2009-12-01,1.78,2.96
90067B,Seasonal & Gifts,Seasonal & Gifts Sub,2009-12-01,1.78,2.96
90068,Kitchen & Dining,Kitchen & Dining Sub,2010-09-28,4.5,7.5
90069,Kitchen & Dining,Kitchen & Dining Sub,2009-12-10,4.5,7.5
90070,Kitchen & Dining,Kitchen & Dining Sub,2009-12-04,3.9,6.5
90071,Kitchen & Dining,Kitchen & Dining Sub,2009-12-02,0.77,1.29
90072,General Furnishings,General Furnishings Sub,2009-12-02,2.6,4.33
90073,Seasonal & Gifts,Seasonal & Gifts Sub,2009-12-02,3.12,5.2
90074,General Furnishings,General Furnishings Sub,2010-03-07,5.86,9.77
90075,General Furnishings,General Furnishings Sub,2010-03-07,5.86,9.77
90076,General Furnishings,General Furnishings Sub,2010-01-14,1.78,2.96
90077,General Furnishings,General Furnishings Sub,2009-12-14,1.82,3.03
90078,Kitchen & Dining,Kitchen & Dining Sub,2010-02-16,4.58,7.64
90079,Seasonal & Gifts,Seasonal & Gifts Sub,2009-12-17,3.05,5.09
90081A,General Furnishings,General Furnishings Sub,2009-12-07,3.12,5.2
90081B,General Furnishings,General Furnishings Sub,2010-10-19,2.97,4.95
90081C,General Furnishings,General Furnishings Sub,2009-12-01,3.12,5.2
90082A,General Furnishings,General Furnishings Sub,2009-12-02,4.07,6.79
90082B,General Furnishings,General Furnishings Sub,2009-12-15,3.81,6.35
90082C,General Furnishings,General Furnishings Sub,2010-01-13,4.07,6.79
90082D,General Furnishings,General Furnishings Sub,2009-12-01,4.16,6.94
90083,General Furnishings,General Furnishings Sub,2009-12-03,1.02,1.7
90084,General Furnishings,General Furnishings Sub,2009-12-01,0.51,0.85
90085,General Furnishings,General Furnishings Sub,2009-12-01,1.02,1.7
90086,General Furnishings,General Furnishings Sub,2010-03-03,1.0,1.66
90087,General Furnishings,General Furnishings Sub,2009-12-01,1.02,1.7
90088,General Furnishings,General Furnishings Sub,2009-12-01,1.02,1.7
90089,General Furnishings,General Furnishings Sub,2009-12-03,1.02,1.7
90090,Seasonal & Gifts,Seasonal & Gifts Sub,2009-12-01,1.02,1.7
90091,General Furnishings,General Furnishings Sub,2010-05-10,0.51,0.85
90092,General Furnishings,General Furnishings Sub,2009-12-01,1.0,1.66
90093,Seasonal & Gifts,Seasonal & Gifts Sub,2009-12-01,1.02,1.7
90094,General Furnishings,General Furnishings Sub,2010-06-27,1.53,2.55
90095,General Furnishings,General Furnishings Sub,2010-03-08,3.04,5.06
90096,General Furnishings,General Furnishings Sub,2010-01-05,3.04,5.06
90098,General Furnishings,General Furnishings Sub,2009-12-18,3.1,5.17
90099,General Furnishings,General Furnishings Sub,2009-12-07,3.04,5.06
90100,General Furnishings,General Furnishings Sub,2009-12-07,1.53,2.55
90101,General Furnishings,General Furnishings Sub,2009-12-09,1.55,2.59
90102,General Furnishings,General Furnishings Sub,2010-01-25,0.51,0.85
90103,General Furnishings,General Furnishings Sub,2009-12-22,1.55,2.59
90104,General Furnishings,General Furnishings Sub,2010-06-21,0.51,0.85
90108,General Furnishings,General Furnishings Sub,2010-01-15,1.51,2.51
90111,General Furnishings,General Furnishings Sub,2009-12-07,0.63,1.05
90112,General Furnishings,General Furnishings Sub,2009-12-07,1.0,1.66
90114,Storage & Accessories,Storage & Accessories Sub,2010-02-02,1.53,2.55
90115,Storage & Accessories,Storage & Accessories Sub,2009-12-06,3.04,5.06
90116,Storage & Accessories,Storage & Accessories Sub,2010-02-02,1.51,2.51
90118,Storage & Accessories,Storage & Accessories Sub,2010-06-16,3.04,5.06
90119,Storage & Accessories,Storage & Accessories Sub,2010-06-23,3.04,5.06
90120A,General Furnishings,General Furnishings Sub,2009-12-07,2.6,4.33
90120B,General Furnishings,General Furnishings Sub,2009-12-09,2.6,4.33
90120C,General Furnishings,General Furnishings Sub,2009-12-01,2.6,4.33
90120D,General Furnishings,General Furnishings Sub,2009-12-07,2.6,4.33
90121B,Seasonal & Gifts,Seasonal & Gifts Sub,2009-12-01,2.55,4.25
90122A,Kitchen & Dining,Kitchen & Dining Sub,2010-01-11,3.12,5.2
90122B,Kitchen & Dining,Kitchen & Dining Sub,2009-12-06,3.12,5.2
90122C,Kitchen & Dining,Kitchen & Dining Sub,2009-12-14,3.12,5.2
90123A,Kitchen & Dining,Kitchen & Dining Sub,2009-12-13,3.57,5.95
90123B,Kitchen & Dining,Kitchen & Dining Sub,2010-01-11,3.64,6.07
90123C,Kitchen & Dining,Kitchen & Dining Sub,2009-12-23,3.64,6.07
90123D,Kitchen & Dining,Kitchen & Dining Sub,2009-12-04,3.64,6.07
90124A,General Furnishings,General Furnishings Sub,2009-12-02,6.25,10.42
90124B,General Furnishings,General Furnishings Sub,2009-12-08,6.23,10.39
90124C,General Furnishings,General Furnishings Sub,2009-12-16,6.25,10.42
90125A,Kitchen & Dining,Kitchen & Dining Sub,2009-12-01,2.53,4.21
90125B,Kitchen & Dining,Kitchen & Dining Sub,2009-12-08,2.53,4.21
90125C,Kitchen & Dining,Kitchen & Dining Sub,2009-12-01,1.26,2.1
90125D,Kitchen & Dining,Kitchen & Dining Sub,2009-12-01,2.58,4.3
90125E,Kitchen & Dining,Kitchen & Dining Sub,2009-12-02,2.53,4.21
90126A,General Furnishings,General Furnishings Sub,2009-12-06,2.02,3.36
90126B,General Furnishings,General Furnishings Sub,2009-12-18,2.06,3.43
90126C,General Furnishings,General Furnishings Sub,2009-12-18,2.06,3.43
90127A,General Furnishings,General Furnishings Sub,2010-11-21,1.48,2.46
90127B,General Furnishings,General Furnishings Sub,2010-02-19,0.75,1.25
90128A,General Furnishings,General Furnishings Sub,2010-01-24,1.51,2.51
90128B,General Furnishings,General Furnishings Sub,2010-01-24,1.51,2.51
90128C,General Furnishings,General Furnishings Sub,2009-12-18,1.54,2.57
90128D,General Furnishings,General Furnishings Sub,2010-02-24,1.51,2.51
90129A,Kitchen & Dining,Kitchen & Dining Sub,2009-12-14,1.77,2.95
90129B,Kitchen & Dining,Kitchen & Dining Sub,2009-12-02,1.77,2.95
90129C,Kitchen & Dining,Kitchen & Dining Sub,2009-12-02,1.77,2.95
90129D,Kitchen & Dining,Kitchen & Dining Sub,2009-12-16,1.77,2.95
90129E,Kitchen & Dining,Kitchen & Dining Sub,2009-12-16,1.77,2.95
90129F,Kitchen & Dining,Kitchen & Dining Sub,2009-12-16,1.77,2.95
90130A,General Furnishings,General Furnishings Sub,2009-12-18,1.82,3.03
90130B,General Furnishings,General Furnishings Sub,2009-12-04,1.82,3.03
90130C,General Furnishings,General Furnishings Sub,2009-12-04,1.82,3.03
90130D,General Furnishings,General Furnishings Sub,2010-01-11,1.82,3.03
90131,General Furnishings,General Furnishings Sub,2009-12-01,4.24,7.07
90132,Kitchen & Dining,Kitchen & Dining Sub,2009-12-16,3.12,5.2
90133,Kitchen & Dining,Kitchen & Dining Sub,2009-12-02,3.12,5.2
90134,General Furnishings,General Furnishings Sub,2009-12-01,1.82,3.03
90135,General Furnishings,General Furnishings Sub,2010-11-23,3.05,5.09
90135A,General Furnishings,General Furnishings Sub,2010-03-08,3.05,5.09
90136,General Furnishings,General Furnishings Sub,2010-11-23,6.37,10.62
90137,General Furnishings,General Furnishings Sub,2009-12-10,3.38,5.63
90138,General Furnishings,General Furnishings Sub,2009-12-10,3.31,5.51
90139,General Furnishings,General Furnishings Sub,2009-12-02,3.12,5.2
90140,General Furnishings,General Furnishings Sub,2009-12-13,4.58,7.64
90141A,General Furnishings,General Furnishings Sub,2009-12-06,3.31,5.51
90141B,General Furnishings,General Furnishings Sub,2009-12-16,3.05,5.09
90141C,General Furnishings,General Furnishings Sub,2009-12-06,3.31,5.51
90141D,General Furnishings,General Furnishings Sub,2010-01-19,3.31,5.51
90141E,General Furnishings,General Furnishings Sub,2009-12-06,3.31,5.51
90142A,General Furnishings,General Furnishings Sub,2010-06-25,3.05,5.09
90142B,General Furnishings,General Furnishings Sub,2010-11-22,3.05,5.09
90142C,General Furnishings,General Furnishings Sub,2010-11-08,3.05,5.09
90142D,General Furnishings,General Furnishings Sub,2010-11-24,3.05,5.09
90143,General Furnishings,General Furnishings Sub,2009-12-14,4.94,8.24
90144,General Furnishings,General Furnishings Sub,2009-12-07,2.34,3.9
90145,General Furnishings,General Furnishings Sub,2009-12-01,3.9,6.5
90146,General Furnishings,General Furnishings Sub,2009-12-13,4.84,8.07
90147,General Furnishings,General Furnishings Sub,2009-12-02,6.51,10.85
90148,General Furnishings,General Furnishings Sub,2009-12-02,7.65,12.75
90149,General Furnishings,General Furnishings Sub,2010-01-31,4.5,7.5
90150,General Furnishings,General Furnishings Sub,2009-12-06,4.5,7.5
90151,General Furnishings,General Furnishings Sub,2009-12-08,5.21,8.68
90152A,General Furnishings,General Furnishings Sub,2009-12-08,3.57,5.95
90152B,General Furnishings,General Furnishings Sub,2009-12-06,3.57,5.95
90152C,General Furnishings,General Furnishings Sub,2010-04-01,3.57,5.95
90154,General Furnishings,General Furnishings Sub,2010-06-07,5.37,8.95
90155,General Furnishings,General Furnishings Sub,2009-12-02,4.69,7.81
90156,General Furnishings,General Furnishings Sub,2010-01-11,4.69,7.81
90157,General Furnishings,General Furnishings Sub,2010-01-20,3.05,5.09
90158,General Furnishings,General Furnishings Sub,2009-12-01,3.12,5.2
90159,General Furnishings,General Furnishings Sub,2009-12-06,3.12,5.2
90160A,General Furnishings,General Furnishings Sub,2010-01-13,4.33,7.22
90160B,General Furnishings,General Furnishings Sub,2009-12-02,4.42,7.37
90160C,General Furnishings,General Furnishings Sub,2009-12-22,4.42,7.37
90160D,General Furnishings,General Furnishings Sub,2009-12-06,4.42,7.37
90161A,General Furnishings,General Furnishings Sub,2009-12-06,3.12,5.2
90161B,General Furnishings,General Furnishings Sub,2009-12-02,3.12,5.2
90161C,General Furnishings,General Furnishings Sub,2009-12-02,3.12,5.2
90161D,General Furnishings,General Furnishings Sub,2009-12-06,3.12,5.2
90162A,General Furnishings,General Furnishings Sub,2010-01-24,1.77,2.95
90162B,General Furnishings,General Furnishings Sub,2010-03-01,1.77,2.95
90162C,General Furnishings,General Furnishings Sub,2010-03-01,1.77,2.95
90162D,General Furnishings,General Furnishings Sub,2010-01-24,1.77,2.95
90163A,General Furnishings,General Furnishings Sub,2009-12-04,4.69,7.81
90163B,General Furnishings,General Furnishings Sub,2009-12-09,4.69,7.81
90164A,General Furnishings,General Furnishings Sub,2009-12-04,4.69,7.81
90164B,General Furnishings,General Furnishings Sub,2009-12-02,4.69,7.81
90165A,General Furnishings,General Furnishings Sub,2009-12-07,1.55,2.59
90165B,General Furnishings,General Furnishings Sub,2009-12-04,1.55,2.59
90166,General Furnishings,General Furnishings Sub,2009-12-08,2.6,4.33
90167,Seasonal & Gifts,Seasonal & Gifts Sub,2009-12-01,1.02,1.7
90168,General Furnishings,General Furnishings Sub,2009-12-01,1.82,3.03
90169,General Furnishings,General Furnishings Sub,2009-12-09,1.55,2.59
90170,General Furnishings,General Furnishings Sub,2009-12-07,1.03,1.72
90171,General Furnishings,General Furnishings Sub,2009-12-01,0.77,1.29
90173,General Furnishings,General Furnishings Sub,2009-12-09,2.34,3.9
90174,General Furnishings,General Furnishings Sub,2009-12-04,1.55,2.59
90175A,Kitchen & Dining,Kitchen & Dining Sub,2009-12-01,5.73,9.55
90175B,Kitchen & Dining,Kitchen & Dining Sub,2009-12-09,5.73,9.55
90175C,Kitchen & Dining,Kitchen & Dining Sub,2009-12-01,5.73,9.55
90175D,General Furnishings,General Furnishings Sub,2009-12-02,5.73,9.55
90176A,General Furnishings,General Furnishings Sub,2009-12-03,4.69,7.81
90176B,General Furnishings,General Furnishings Sub,2010-11-05,4.58,7.64
90176C,General Furnishings,General Furnishings Sub,2009-12-14,5.21,8.68
90176D,General Furnishings,General Furnishings Sub,2009-12-15,4.69,7.81
90176E,General Furnishings,General Furnishings Sub,2011-08-22,4.5,7.5
90177A,General Furnishings,General Furnishings Sub,2009-12-10,1.78,2.96
90177B,General Furnishings,General Furnishings Sub,2009-12-10,1.82,3.03
90177C,General Furnishings,General Furnishings Sub,2009-12-10,1.82,3.03
90177D,General Furnishings,General Furnishings Sub,2009-12-10,1.82,3.03
90177E,General Furnishings,General Furnishings Sub,2009-12-10,1.82,3.03
90178A,Kitchen & Dining,Kitchen & Dining Sub,2009-12-01,7.3,12.16
90178B,Kitchen & Dining,Kitchen & Dining Sub,2009-12-14,7.3,12.16
90179A,General Furnishings,General Furnishings Sub,2010-01-26,3.57,5.95
90179B,General Furnishings,General Furnishings Sub,2009-12-02,3.64,6.07
90179C,General Furnishings,General Furnishings Sub,2010-06-15,3.57,5.95
90180A,General Furnishings,General Furnishings Sub,2009-12-02,6.12,10.2
90180B,General Furnishings,General Furnishings Sub,2009-12-03,6.25,10.42
90181A,Kitchen & Dining,Kitchen & Dining Sub,2010-01-26,5.6,9.34
90181B,Kitchen & Dining,Kitchen & Dining Sub,2009-12-02,5.73,9.55
90181C,Kitchen & Dining,Kitchen & Dining Sub,2009-12-02,5.73,9.55
90182A,General Furnishings,General Furnishings Sub,2010-11-29,1.78,2.96
90182B,General Furnishings,General Furnishings Sub,2009-12-16,1.82,3.03
90182C,General Furnishings,General Furnishings Sub,2009-12-13,1.78,2.96
90183A,General Furnishings,General Furnishings Sub,2010-01-19,1.78,2.96
90183B,General Furnishings,General Furnishings Sub,2009-12-22,1.82,3.03
90183C,General Furnishings,General Furnishings Sub,2009-12-02,1.82,3.03
90183c,General Furnishings,General Furnishings Sub,2011-10-31,1.74,2.9
90184A,General Furnishings,General Furnishings Sub,2009-12-06,5.73,9.55
90184B,General Furnishings,General Furnishings Sub,2009-12-01,5.73,9.55
90184C,General Furnishings,General Furnishings Sub,2009-12-06,5.73,9.55
90184c,General Furnishings,General Furnishings Sub,2011-10-31,5.49,9.15
90185A,General Furnishings,General Furnishings Sub,2009-12-08,2.6,4.33
90185B,General Furnishings,General Furnishings Sub,2009-12-01,2.6,4.33
90185C,General Furnishings,General Furnishings Sub,2009-12-01,2.6,4.33
90185D,General Furnishings,General Furnishings Sub,2009-12-03,2.6,4.33
90186A,General Furnishings,General Furnishings Sub,2009-12-03,1.82,3.03
90186B,General Furnishings,General Furnishings Sub,2009-12-10,1.82,3.03
90187A,General Furnishings,General Furnishings Sub,2009-12-07,2.08,3.46
90187B,General Furnishings,General Furnishings Sub,2009-12-03,2.08,3.46
90188,General Furnishings,General Furnishings Sub,2009-12-01,1.55,2.59
90189A,General Furnishings,General Furnishings Sub,2010-01-18,4.58,7.64
90189B,General Furnishings,General Furnishings Sub,2010-02-16,4.5,7.5
90190A,General Furnishings,General Furnishings Sub,2009-12-02,1.82,3.03
90190B,General Furnishings,General Furnishings Sub,2009-12-03,1.78,2.96
90190C,General Furnishings,General Furnishings Sub,2009-12-08,1.82,3.03
90191,General Furnishings,General Furnishings Sub,2009-12-17,7.82,13.03
90192,General Furnishings,General Furnishings Sub,2009-12-01,3.12,5.2
90194,General Furnishings,General Furnishings Sub,2009-12-10,2.55,4.25
90195A,General Furnishings,General Furnishings Sub,2009-12-02,5.73,9.55
90195B,General Furnishings,General Furnishings Sub,2009-12-01,5.59,9.32
90196A,General Furnishings,General Furnishings Sub,2009-12-06,7.65,12.75
90196B,General Furnishings,General Furnishings Sub,2009-12-06,7.65,12.75
90197B,Kitchen & Dining,Kitchen & Dining Sub,2009-12-02,3.12,5.2
90197D,Kitchen & Dining,Kitchen & Dining Sub,2010-02-02,2.97,4.95
90198A,Seasonal & Gifts,Seasonal & Gifts Sub,2009-12-14,2.6,4.33
90198B,Seasonal & Gifts,Seasonal & Gifts Sub,2009-12-07,2.6,4.33
90199A,Kitchen & Dining,Kitchen & Dining Sub,2009-12-16,3.82,6.37
90199B,Kitchen & Dining,Kitchen & Dining Sub,2009-12-01,3.9,6.5
90199C,Kitchen & Dining,Kitchen & Dining Sub,2009-12-01,3.81,6.35
90199D,Kitchen & Dining,Kitchen & Dining Sub,2009-12-17,3.82,6.37
90200A,Seasonal & Gifts,Seasonal & Gifts Sub,2009-12-01,2.6,4.33
90200B,Seasonal & Gifts,Seasonal & Gifts Sub,2009-12-01,2.6,4.33
90200C,Seasonal & Gifts,Seasonal & Gifts Sub,2009-12-01,2.6,4.33
90200D,Seasonal & Gifts,Seasonal & Gifts Sub,2009-12-01,2.6,4.33
90200E,Seasonal & Gifts,Seasonal & Gifts Sub,2009-12-01,2.6,4.33
90201A,General Furnishings,General Furnishings Sub,2009-12-13,1.82,3.03
90201B,General Furnishings,General Furnishings Sub,2009-12-02,1.82,3.03
90201C,General Furnishings,General Furnishings Sub,2009-12-23,1.82,3.03
90201D,General Furnishings,General Furnishings Sub,2009-12-18,1.82,3.03
90202A,General Furnishings,General Furnishings Sub,2010-02-10,1.78,2.96
90202B,General Furnishings,General Furnishings Sub,2009-12-02,1.82,3.03
90202C,General Furnishings,General Furnishings Sub,2009-12-09,1.82,3.03
90202D,General Furnishings,General Furnishings Sub,2009-12-15,1.82,3.03
90203,General Furnishings,General Furnishings Sub,2009-12-02,4.69,7.81
90204,General Furnishings,General Furnishings Sub,2009-12-07,2.08,3.46
90205A,General Furnishings,General Furnishings Sub,2009-12-09,1.03,1.72
90205C,General Furnishings,General Furnishings Sub,2009-12-09,1.03,1.72
90206A,Seasonal & Gifts,Seasonal & Gifts Sub,2009-12-17,3.05,5.09
90206C,Seasonal & Gifts,Seasonal & Gifts Sub,2009-12-01,3.12,5.2
90208,General Furnishings,General Furnishings Sub,2009-12-01,1.55,2.59
90209A,Kitchen & Dining,Kitchen & Dining Sub,2009-12-01,1.26,2.1
90209B,Kitchen & Dining,Kitchen & Dining Sub,2009-12-09,1.3,2.16
90209C,Kitchen & Dining,Kitchen & Dining Sub,2009-12-01,1.3,2.16
90210A,General Furnishings,General Furnishings Sub,2009-12-04,1.82,3.03
90210B,General Furnishings,General Furnishings Sub,2009-12-10,1.82,3.03
90210C,General Furnishings,General Furnishings Sub,2009-12-04,1.78,2.96
90210D,General Furnishings,General Furnishings Sub,2009-12-04,1.82,3.03
90211A,General Furnishings,General Furnishings Sub,2009-12-14,3.64,6.07
90211B,General Furnishings,General Furnishings Sub,2009-12-02,3.64,6.07
90212B,General Furnishings,General Furnishings Sub,2009-12-02,2.34,3.9
90212C,General Furnishings,General Furnishings Sub,2009-12-13,2.25,3.75
90214A,General Furnishings,General Furnishings Sub,2009-12-02,1.54,2.57
90214B,General Furnishings,General Furnishings Sub,2009-12-09,1.51,2.51
90214C,General Furnishings,General Furnishings Sub,2009-12-03,1.51,2.51
90214D,General Furnishings,General Furnishings Sub,2009-12-03,1.51,2.51
90214E,General Furnishings,General Furnishings Sub,2009-12-10,1.51,2.51
90214F,General Furnishings,General Furnishings Sub,2009-12-10,0.75,1.25
90214G,General Furnishings,General Furnishings Sub,2009-12-13,1.51,2.51
90214H,General Furnishings,General Furnishings Sub,2009-12-01,0.75,1.25
90214I,General Furnishings,General Furnishings Sub,2009-12-09,1.54,2.57
90214J,General Furnishings,General Furnishings Sub,2009-12-02,1.54,2.57
90214K,General Furnishings,General Furnishings Sub,2009-12-07,1.54,2.57
90214L,General Furnishings,General Furnishings Sub,2009-12-06,1.54,2.57
90214M,General Furnishings,General Furnishings Sub,2009-12-06,1.54,2.57
90214N,General Furnishings,General Furnishings Sub,2009-12-06,1.51,2.51
90214O,General Furnishings,General Furnishings Sub,2009-12-09,0.75,1.25
90214P,General Furnishings,General Furnishings Sub,2009-12-07,1.51,2.51
90214R,General Furnishings,General Furnishings Sub,2009-12-06,1.54,2.57
90214S,General Furnishings,General Furnishings Sub,2009-12-02,1.54,2.57
90214T,General Furnishings,General Furnishings Sub,2009-12-06,1.51,2.51
90214U,General Furnishings,General Furnishings Sub,2010-11-03,0.75,1.25
90214V,General Furnishings,General Furnishings Sub,2010-02-03,0.75,1.25
90214W,General Furnishings,General Furnishings Sub,2010-06-07,0.75,1.25
90214Y,General Furnishings,General Furnishings Sub,2010-11-03,0.75,1.25
90214Z,General Furnishings,General Furnishings Sub,2009-12-10,0.75,1.25
ADJUST,General Furnishings,General Furnishings Sub,2010-01-26,3070.22,5117.03
ADJUST2,General Furnishings,General Furnishings Sub,2010-06-25,215.08,358.47
AMAZONFEE,General Furnishings,General Furnishings Sub,2010-11-08,8124.8,13541.33
B,General Furnishings,General Furnishings Sub,2011-08-12,6637.24,11062.06
BANK CHARGES,General Furnishings,General Furnishings Sub,2009-12-08,23.54,39.24
C2,General Furnishings,General Furnishings Sub,2009-12-03,90.0,150.0
D,General Furnishings,General Furnishings Sub,2010-04-15,61.19,101.99
DCGS0003,Kitchen & Dining,Kitchen & Dining Sub,2009-12-09,1.54,2.57
DCGS0004,Storage & Accessories,Storage & Accessories Sub,2009-12-03,10.41,17.35
DCGS0037,General Furnishings,General Furnishings Sub,2010-06-14,7.63,12.72
DCGS0041,General Furnishings,General Furnishings Sub,2010-06-04,3.04,5.06
DCGS0044,General Furnishings,General Furnishings Sub,2009-12-15,1.54,2.57
DCGS0058,General Furnishings,General Furnishings Sub,2009-12-01,0.57,0.95
DCGS0062,General Furnishings,General Furnishings Sub,2010-10-25,1.51,2.51
DCGS0066N,General Furnishings,General Furnishings Sub,2009-12-22,5.19,8.65
DCGS0068,General Furnishings,General Furnishings Sub,2009-12-01,5.19,8.65
DCGS0069,General Furnishings,General Furnishings Sub,2010-03-15,9.68,16.13
DCGS0070,General Furnishings,General Furnishings Sub,2010-04-01,7.63,12.72
DCGS0072,General Furnishings,General Furnishings Sub,2009-12-14,3.1,5.17
DCGS0075,General Furnishings,General Furnishings Sub,2010-04-01,7.63,12.72
DCGS0076,Home Decor & Lighting,Home Decor & Lighting Sub,2009-12-03,9.89,16.48
DCGSSBOY,Storage & Accessories,Storage & Accessories Sub,2010-06-21,2.02,3.36
DCGSSGIRL,Storage & Accessories,Storage & Accessories Sub,2010-06-21,2.02,3.36
DOT,General Furnishings,General Furnishings Sub,2009-12-01,2703.1,4505.17
M,General Furnishings,General Furnishings Sub,2009-12-01,15066.65,25111.09
PADS,General Furnishings,General Furnishings Sub,2010-01-19,0.0,0.001
POST,General Furnishings,General Furnishings Sub,2009-12-01,4885.65,8142.75
S,General Furnishings,General Furnishings Sub,2010-04-30,44.28,73.8
SP1002,General Furnishings,General Furnishings Sub,2010-10-07,1.77,2.95
TEST001,General Furnishings,General Furnishings Sub,2009-12-14,2.7,4.5
TEST002,General Furnishings,General Furnishings Sub,2009-12-18,0.6,1.0
gift_0001_10,General Furnishings,General Furnishings Sub,2009-12-18,5.21,8.69
gift_0001_20,General Furnishings,General Furnishings Sub,2009-12-14,10.43,17.39
gift_0001_30,General Furnishings,General Furnishings Sub,2009-12-23,15.65,26.08
gift_0001_40,General Furnishings,General Furnishings Sub,2010-08-10,20.42,34.04
gift_0001_50,General Furnishings,General Furnishings Sub,2009-12-18,26.09,43.48
gift_0001_70,General Furnishings,General Furnishings Sub,2010-06-14,35.74,59.57
gift_0001_80,General Furnishings,General Furnishings Sub,2009-12-14,41.74,69.56
m,General Furnishings,General Furnishings Sub,2010-02-19,2.4,4.0
